12169456755113124529	5395791577081250798	2783793504186702063	1163597385178974116	14961411436702931287	
4114459649354992934	10834678500792935348	12573372423517317183	7257006416022168954	12264033791632309753	
11303292024861919552	2205782971835363419	5379429693668194623	12977351530819307975	2064420118954713655	
15001412781962814574	1279754499573418723	16856311515176968189	14113470546240872878	3222005205602431352	
9534842392555069730	4856164920227894121	1590170329129478605	2393433058936363549	7091864364894907806	
78723210255116547	3159184045325710472	8970171220474696885	5466426289269373013	7032431245849144400	
8428879278077547683	3893314371477436212	11405637359956055964	2011060756967456022	7922352096717614040	
8901953930978535665	7232892384049382447	5863938303748082507	14856422612061956014	14416421262264335399	
1293968996869231068	5272585853256104597	9205492063660206927	4637246704566231920	1156879306686545025	
4284259077798539048	16659190940297670300	6357724735718048808	11189826925787425781	9446761191189399962	
6961299566721751148	1276609366962260908	10139513771094990648	2793420567987736650	16105791672488824487	
10477468695127185023	13783941027677128533	16374698224127586544	14643090562660787512	11818161916185504285	
3972881183491797995	5941737223150028883	5690879386231318156	7933969073241078687	17359488090101683821	
13588928699703950579	11337441550447911485	15016125611398310123	1622828506547682407	12528580345457370666	
10142873721914460760	5878670719069017428	7987528724299139871	15164359076453428653	641982445532402471	
17678232967127518975	7335087379116169578	7023620824761626194	10530440693652466551	11971467036490419157	
54863625041595865	3855886335107122566	6800905347776736167	16181537455206949481	184872758677473307	
11152601119772084335	12827800690710624182	3508687535473000820	2914152037706919464	17632843890115422637	
7510464517644564908	4034377502213334586	17988909868660226165	6773595919717563562	17877129437650285365	
14132693850376469009	6592541692753365671	2525366762835057736	1601732687868371468	15408978271637494310	
9070451619954320275	10763443280689381669	1226110461059120340	7198885005356684733	13012474410155420248	
7584367671566812396	14441907939345959945	9783761733333261579	2160146937153173176	16114237350377196308	
875920117057559043	605037520455674788	2331902100827700932	2515509776807714626	2549491672812254320	
8929391993847068335	5704978931086548353	12230639524998049962	11064279074209649760	1159928376801894069	
13154701962250083896	16146424926135751105	7504975499917915245	13435973292471682457	13386958703551394967	
4714977075471988653	2808915165175206063	13130403381464718021	12567440576689485653	11591896994003007062	
6081728848797516319	17668742335830455786	8742346912504749534	1505419355891767215	15669437044152601143	
6124961285488569029	811206436256808018	13018427076597263466	1671248005151759626	3024229958255761695	
1416188263939083957	17643505150271337124	18417383655624120955	11040800777017191961	17715442298378581848	
18407887094298840630	10027701953124517403	14690530775584400319	1397163374828965516	3982263553862911962	
13569172173809988102	680429315498811115	2230836427189049561	14649344376831061618	17003924211472511905	
9265548834190843614	4501381314969236035	12628308885704238436	11405148149705278437	16923406799352297290	
1451209595422674688	10171536816372194858	4762266253358384045	844419039591299319	18441524997020476999	
12823829780341838218	12615513741451466970	13494051814681130760	1621854332533895615	9493948158376276342	
10255713576570985251	2744881093177768981	13608963694674089069	6448239358209247808	18199829884950596628	
488798771668171237	15377290601484197151	838544486993619109	15354276797493356334	18190634808283466631	
3733818370207814591	5779071901001460727	6979868638596516730	1640412747480268750	17048746405888253681	
7293612433582590659	6418276641306367911	8788985492597793546	10166711560860276426	6941339645112118937	
7008881061283329772	14789042615945702050	14247877253955116654	11994537294498606477	14614594406310829718	
593785811040944836	12308166121951863425	10054703417774340325	11643495423804816742	15298976995502251887	
14926167345384255766	14900271572115344823	3991975966949923445	5899505213971627710	13625014644568744441	
14495636858468532752	11193812867885132677	9536916052410622817	17049617506629002548	13466649990964836206	
96578789577604796	4338852681922107489	6970545111824142505	2384971180241613143	2095180796115470182	
616040283670066918	5080169970116920531	7677963269988871456	1576609429032998688	5266192618911829375	
5746572696293912085	12305995443009516622	7241038685611858982	1400147191754906076	2876370799336720970	
7922138990871064395	8556775943945056616	15948711219433487644	16793010952392670773	7314926136298500858	
3741425864172430260	15059712010194495176	2115810397422791717	17548367706301968141	18446648520746088191	
18040047124861131804	5457659269714346642	9177646242034505346	15734355091898709425	2913918304663304912	
13925609418476812955	4416005414716181204	15428059920940279964	15007663528141412023	501898772645473236	
9648213880489526797	18085320017536031512	12618093851443597723	8455200180534754598	9050596997596890325	
8844585226259722435	5981786507309695561	515184331138807316	11815584355378704837	1646646883769598327	
8056932989307598215	9103648110313338091	2037126372995117464	5696358551641918656	14185154476851896733	
11168522641722118672	10663593951610451709	5556830363940226346	6129387489536726084	14988812692276884871	
8020050202430557100	7470812437243779942	2755944519153542653	2667653751646271300	9832729436195404392	
64693071524613610	11676733444216786760	2159881740183206343	11847926983086755453	2211725304944955615	
7366563469200744224	3799785594964183271	8901504736603374324	1803451153416974473	10040493941152612776	
14406842825022766311	6870309678512427667	17010292896683084944	15992049343091552001	17765119876267863561	
18390906245689944668	11016121692424186843	10822893053485647210	13674261456673428205	18057379754764619563	
7735460527717191847	13071699440583498207	8290059361212364108	3095699767638930302	3303507675946680222	
15085307096439091717	3728482833706689152	1600925048949959699	5483356270135622095	7086799146535397383	
9773962311401236278	5733911534491226045	9594488484586909218	13648706871325613763	13253654539960821145	
12235384099961726681	9960758029861692768	12593750584268307771	16288581402693051449	5221285338211150787	
9378974259213053449	11076679960369221695	14669294789599786341	1068114788195369754	11010192679070591671	
6515119953373722806	9363575967590191874	10741385802727788782	9226294121537526047	246756047702628847	
3810368629627736903	17240862148424288753	11553284085850308630	11359351058701359154	16475795256993564841	
16969084881560790329	6038123530755042035	3955684184214522583	2576486636814259104	5490982718514116005	
17665475380008166404	16515260042533389016	2779207453759145179	16820960517674449382	12399748801270645729	
9596600596391587736	6757899191296812475	10971375256700958833	3618781654236764725	16190806997467843360	
17156309765086771133	4605690499809691342	11639879353977981903	8523250163631909937	2142617687795766841	
4201872610617277183	4122540185595592517	4973517511279540495	9161555678704605134	9533104181540009864	
4257574473540894512	7396411439888419629	7070000004419907896	14916032274502163266	3552418067793400921	
10612778225202780768	9077444387759930108	10581332415044835809	17252125011992494173	6568254328099301379	
11238879011977316150	5515114704775599578	8958475706433368833	11618535782641446238	11282886081080705994	
9017059148237379599	1253322494955945454	13050436854566012919	7792369807526983100	3939215458603706638	
3341048931598213428	17230190575580606539	1772933550693702200	541379182111120269	6236413506989434747	
8622707448528173963	17356005227874522010	17432817327351637775	15441700475089798501	13024241299637838056	
14019788335378927501	12235121646241334290	5637700219175503422	3627666242207878939	2259469906603504275	
3484385122942937737	11955907259675502807	9926456762514381835	12939665866733002468	1684846654874841948	
13248822957898794120	12012390675298870927	9155601864390140495	16400660162009552933	2239597638955020828	
4511517827908973967	9559761633506331803	10136627833264975740	8237987624285113783	3873060977939433727	
13463853127772617168	10916608166098793582	7320478974304572298	13164385868725563502	13378828542578199157	
18288474885764647778	17210046418031178547	9318693737223607561	9673462945507870001	12149095582668030810	
7980370549596109361	14067936223187168359	6396731033559694990	7901297395363892695	7131478107661548702	
14766493522796070869	16484290074645138770	14118129711886502373	17175435902083830239	16819623126368482700	
9952199972990697549	5903050930130765985	3306628672544682717	7399095675647469953	5764941850967418250	
14253061460215216203	16069547230655521992	17837480843561056879	10194510643064478184	784932850492237247	
8866059136729389080	16147962900072519416	1174511136389138993	12662413350250515468	13888731686039424362	
10325177269857677751	4987880802644057729	14712148084587493256	7850284343169164735	3926728387639079733	
4705987727795737237	10485902417485078784	6172866755458468115	13985604436196690398	11222103988076105789	
15272990916869923986	12961389241995556675	10150819103066491445	2832728555398991528	17164815690658735918	
3416745950879651447	276300853741426364	11724204369107436506	8624880156040256543	3567283223152377637	
18186887656133200542	13956942471137145981	4972733459131991230	15750264196108882189	9960552540224009501	
12956244536347696158	4574658137674060815	611532612974856762	104703448899589652	17479771815510790605	
6613016269398494498	2107752454033826606	14644245462511628283	9899270573316598128	11484765102036921164	
6739658885782244562	9558232282519362734	14316010461814747140	16105630991830735673	3214497088958983913	
14386192045321747751	7936218689562319480	8751683590846476236	1092395698151924936	945851957560810916	
15221356039896632815	5821618509356470304	6593169406498871655	13784561710579418096	744680539856283303	
3766668305448952236	16676827961138209597	3775511324253596247	1903417776376300579	7419891007217002639	
17671704325025527995	9917990946999269023	68153959919857171	10680698316706969592	14703233910746094550	
9569719365283374813	8685679071966819492	5543198048218044029	5208598775171650108	3933602586314658575	
5888732830634874736	5625652674810654566	14246793526824847236	12141547554535436258	7170266408987408810	
13945524988459258485	13772846238313825778	16488168808552238473	6203719990395268201	6468684057521890888	
8858813157712689241	3101229985000692622	16065903980375623742	538966366191032300	5159170946341298675	
2667825706274869723	14613253998105714665	13045613977882565208	17669172588440065991	18288259704008336070	
2540430667570341324	8609986619971095475	15468730466916302891	6028701790620502057	3552536116945712794	
1590781699276779791	620253998354165863	16839884744336385266	2910198941210686168	7337737167361149716	
5660549938670890897	13305919502698193622	14697301252019243643	3480298371424096720	14659507202583842895	
12475422987837396706	8528737562245518834	2221109164264890187	15266255323651675836	7917379413228887806	
13800463870355350833	6359573222611797192	10903646113940640426	823468936330470604	16723407885216847647	
2583104883205837356	15124015931723827483	6141132083713225905	9885410734387658477	11613088818200545534	
8458219560354783721	12264587875497240031	13310910785880921846	11314991093608267939	2527661342878932098	
7004533057667912002	15047935958987124147	1199798423284534212	15500928359475883563	3736333680085168266	
1496440596909325874	16172299789639015947	12902184589112038528	13910725509107528231	5563338279592631405	
18188732388603718538	9262387740062585679	6880821058590521652	8572544536331658536	11319106262457641601	
4716466332686651750	15275650707382268036	14032171314829259892	13622543655867313423	15651506546496054265	
16379834744821776078	7976623298486825288	7273271117143928112	5293712021250894251	6349008872923260608	
12828282988928495632	15679780163402017898	14605265063740001077	9651435371552164253	11404540612083440939	
3853606609411864370	14134655199834294006	7330718697646403075	17868908601419418191	16865959965725506936	
9099168446865124800	2611732013509947199	8951499030607717479	77657821509603575	14043714131854988708	
8632066995793315944	5384396006987878749	6057543546650589331	12064156800723764703	13948611339041695478	
591675027496747897	14515590958661020527	2754567298844255458	8484384923481432634	5791510920151770169	
3017340880932066321	16173562988645127141	12893140079899854919	18359464658363756945	2648722695510311645	
10319461150032931143	11367336212962230987	5963093945905059565	9499983310337987131	9584575257169549845	
4583724445111985939	10356914648500656015	4504052835141665427	7810683155993110605	15465752597287721955	
12970702306764007721	9225119086580533899	686461049822772900	5506282506979143817	17105889002281921023	
13710996515508054026	17308995930188302751	3439527369088648395	4981170380045233610	2602485529018344748	
330425131071853653	6899314316546900139	5130544670624723292	7441331773138481385	14567899840691980126	
12624730058331331183	13006451076310743431	13293080515178471846	2861033027968193169	8618628887454305213	
5082741968803313408	4131414940516730652	7399858462698086389	2821453446742287545	1603185063977021263	
5840638027493273456	10583988309019358230	14683212963007214672	197265347064149002	16753944165146478256	
8281635421945082239	9204512262295104006	14049566597146137854	7415337063384012944	17123750877461579955	
15655448026667877247	1790595889751451192	1682831663782180473	14231645516888586569	15998337827509625507	
13400544572272782697	11481312106173364525	17013571394076517793	7808831784240694963	10825353708659856647	
7064533719771962427	5014569958913528253	12333750181279268827	14203610169461894645	8859491950785140506	
8955017789347738165	5452003360585338275	3309114317337922084	6271609024582373283	11330402299776239901	
312776698514166198	6549652522637108193	1493358816244541069	13543986672155543836	3182937187707212795	
8179713858869505406	14550719053312363176	13402051147755020292	9956925832286347570	1365251778869392489	
12492873798899133927	17393371054202321079	8639612972434759792	9292774308732394392	5356978434189480229	
838190036200790481	8243535801678762600	10425839827677715646	10991729164334883017	5666776814478309827	
3771381968441203121	8132117591466459935	14997788547617118541	4455475307375151019	6468771396643996254	
601547587256823992	6782058083485677214	681105256256485211	217092553540316743	2839174771095216253	
1091798926424281815	7660679335197232064	15074354052501849733	14577756218782969684	18118692662134086304	
9100924918703516318	3671452853719953776	2464191054877981506	7315480863263457326	15250716360099008397	
3393368601464177059	10872090649684810397	32345720126754380	7242004979068574938	8205912116526578933	
8728970635855299165	4864174656127492672	15426429782247994583	9666243534947495804	1918430338336813289	
5901684344473020490	18328299053714595761	11729679737777433194	18157332692638885634	4393480179750649389	
13093522477518707560	171364466989430510	11388833854012342591	11472493945552081593	7238858385326396434	
414753446720851909	9013577235538871069	8185096105841691341	359871363791984927	5659077125743848823	
9922653801861035152	17904935064769628127	1068944291160562198	7373714495262075291	8614977711429641383	
15920765946955772933	8624322717128272710	6031675163615101344	1035837117369834227	18233279058371191046	
633491958741744677	9273604609941821883	5658589066622458440	2111376392854245877	10701275530209514138	
7460941352671390864	9115505500361643930	13201137624292058347	15507893751348095784	10802422227114313860	
13201167166683529160	11101482978859474836	7298904488208981656	16647994495888074895	7897470265857435705	
8578120412459887450	8962702985367822693	6211514703275169120	9965139959708389830	1598101372418471291	
2346616781893265998	1885967988602197346	4303641368019784847	7261849825213025381	16140970754304460668	
10174100671472991161	5342770612914722193	6758263382464993846	6231036902897934942	12710700875771323000	
7508392553349520721	4538374219333968442	13673574103337892625	6981385360330825244	9697061931765903580	
13296600078372633011	11477163071130044050	1554072528875109949	14901669826056240189	10347430612450357059	
3420860862062881533	1160698855353146704	4568152462717699259	17789956216127182144	10858370944841734126	
17507295798169928145	5691885635515429732	4155339419665702369	16443079950536358564	9382426450978659073	
12626115988003033476	1817497703908950432	5793116745865670188	14853249692548355414	5185712035583824325	
12524561521339152951	1720279765279521163	17913370310260282512	9383291364572269549	8061104342145695194	
362231220722413067	14063585673852132846	15663265155137776889	13739451287263797462	1541443143666645391	
9668607377219756897	5823521604492255662	15614518790106980417	2001770305630905893	4659992248531132286	
11414317529054691715	11952111970423282180	12886751105168627076	4544972094905574587	4302704148864641388	
2072412022410975421	9044615884082910901	15150072466536443025	18290089124450860988	6943239576228335573	
11770144622250639743	3241765420472399535	8460580830887428784	1701562492218548502	5395715197362889842	
13323708341183325320	15294257872709557384	4949425766633137303	1365953592452968461	18172517128212260331	
12310980658799275715	17094567941363787901	3367657043795221318	14626668212687774837	5226637873017433408	
16269164739340815176	8970509059287321047	17714367533043746472	10804109947817303626	14078005378869944750	
12279342433793449502	5434225777604093061	12411910878212116511	2211523964526624031	17670377859715097105	
8036588873989984208	11940627171207245759	2325549981925507733	13268253533151167625	12060962491830193024	
109900155688909434	3834386214723794610	11818816212806502521	9932789784558664332	13645189404270178530	
9917248397427551253	15746465864353629723	13739698114172394062	1168820382618266293	12703632997553373625	
11027826272984021248	6025517217627145207	13730466644555370012	810952105026727355	6407590526119966196	
7500475834927862811	9763290731624231477	9270105202648074094	7546671661521128180	15046546107707386980	
11386942201595771599	17744899504138870816	3944611691288841094	15804921783608829045	2581271090256002961	
13165462390333139375	5137696294608755865	3617450215006786919	10607396408624724674	12222153022866984711	
12889621297399203547	3912957773321062341	6396143868443193831	6639996847028287260	3385753538647508039	
15799402321439103644	8845452554969272956	6547493280773791592	5395969255268928288	3155872698344724665	
3262099041335657454	7178181572848263034	14227481695520186167	9481874018824110633	6754563486233245823	
8501814322667350860	3997504673140251640	9847808844765491100	7922558633147619602	11886257789409067413	
16334995912452849437	7585680299975802878	5872442808835624567	17741109332632132201	3980368351649254964	
6873461993507033586	7468523999220972413	6929404255700762581	4628199324604820458	3373735489539873845	
11237537667382674708	13880746350958856918	14890001275679183872	10999167807285190894	3942540030336628583	
4289867466967256718	9875301421984368379	8848140279009794674	15011562654136144653	12386233281916059631	
3856300765265457776	12591606380279699873	9055792420050023078	4537267005684753551	4497978967908232703	
11042230103885752123	13483703515588532902	6061277447797546038	13874323559310214746	7002631010447203353	
16032123440455102871	6671703486830494998	17342688658261910404	7439048717916168879	12878237494404012773	
5751301888477000612	6361853072241897838	1056204937274890289	16430731795890059271	16499799267486887790	
15937481934633661807	2731787836473573266	5988723236697189201	9539974418290751155	12851631308311421780	
15204520013023109351	824562438571618394	15471110872091737392	7008215363670630574	3920306878598867339	
6468889652597716227	11564520075883308919	15829590777737454936	5814159128589088556	16944746126594267824	
3192621618878155008	17954622483403894260	2220990111073692432	8596369246224710016	1101631726210308657	
16135321983327485527	374668295473698985	15849555312620887080	3610461072093617451	14110639154461806170	
4176737555949288928	638600515798957949	17223642431857307316	6410967408231013021	9247452180270015481	
4300788825089736795	14667941014515092701	1775069921494094671	6723431266057591177	5112257546851846050	
3810069441657688485	874787659036991139	4669860862640603691	1800489725467710510	4592350005158776148	
3366389654157627475	11126842016233333645	8367785220080210655	9472480645545610506	2059990870246258464	
4850218481310527189	3996699643893177134	15150567037069829687	1109258866338436238	7021723764680810510	
5348244477529562107	8917389475076294175	10607065271392686870	10104946463161881664	3732810954350068441	
6741889456201765767	13718880544292966758	5511424258810843060	393627183958222106	3770470965608371329	
12503531106186412760	16133924667929594370	9044937032801536440	15301207310953646982	2509456208994338	
14041829330287783645	9407435193795834516	1860488200288226704	14731432518572406031	11503020528243506684	
4342946794269696603	11144378923381316995	9415286451087857690	18024275995702948157	8970650986187205316	
4517210480866963825	10928347179324187704	17787540280175053330	12265070260549807183	3828643033282970202	
15498188750774098657	12068584885213869793	10385880959206107710	9362647868012721077	2814585596513256230	
15807250084303712948	15212306051913434109	3057139100357251544	18199331650326943629	5071343105528785003	
5438468776164336330	13638273761279869601	16750198563895719789	16090516128386573160	13667528547032759946	
5501402166512082606	6009281121284053955	15575848206276307284	13407678549753662072	4842692083307451369	
6967189634909755362	2390598837228521703	1180922303532525894	14645949046687589972	11492698964027726566	
9979161830295082038	14782574430161995495	3703317780920804053	13490146474469305485	18353514177832867142	
4723311064917464605	9011416754593493872	7245776135414407897	10435236714903783471	16015139289995463121	
9329183522992257243	13129119547914869669	235492783236629243	17244851511643605603	4094441026132771505	
17501025696061083119	10276029150081020454	6360967425745306865	14353201185924022078	13928884583495830876	
17847747020983758707	12558881734757668455	6601541187739562107	15682146480770732851	10243233613556615445	
10435500546735917295	12073093468503985756	13890533234524601872	3988747480574224130	15278705202517757810	
3821240699387722446	8850430904956698322	7403309121949912402	1651220242829923469	15843995159470372252	
15387442713968529506	15101330085394402848	11349881396681717561	6591326359951082792	14932888151549589747	
10255732235608121445	12133732325840891871	8028258789813334429	6150028238503712708	1059040999461997358	
17294610707249690197	18100483783503261422	12863611530592851874	11130856152833637043	14636416005872883854	
14208719849519800914	6188625244251320072	14973259858001740155	17827023165731074133	9888020664953806694	
281819850057855065	1851582199398428451	17571199637115808994	11262797410543771926	93531547232521545	
10877288284345282368	18388260571076821622	13371603052324780838	9746297415731665490	6710047475733327215	
9387232865940498514	17498841145139859214	15315270889618260531	10133888458657780682	7138361754671563267	
11977800847226222936	10513754411791207511	3697022548066518222	3247938439807290511	5820119365119679937	
17553424339555213103	6239225822394694610	10676643061990432621	13331351374629350729	13639771762279662784	
7919092154704909033	3747444542367049027	8723079147250187081	16209292497450261174	9086480827272224398	
8331453919668640218	4305020222562032637	665039011957449972	14591531509280514941	15639026424938351845	
9697698398270991543	7091782940981273339	17592764536768531962	3606100943983973137	9525411745303239523	
426974636587189780	3242245323214735490	11903677272334896017	7879834045994782682	2474266721631105929	
2302566729839963587	11748980267417713638	13404581408932892818	18142812022840727057	14189882384007113340	
947138994447416856	18053771006359277604	1671923704274913700	13559411398444779705	16397545682779766346	
1343149799323719757	4013234137121189968	10625723658028078479	15345574122847063493	2372740408985410619	
2681461557667006050	10266915985293408322	5559394655000221019	14587985139109033617	11742745364243683436	
5188086652455534775	12276489501359429173	9015597985057541722	5823312079133672982	16610386887345412271	
5261631667387834234	15575450252611694247	15408665061187152838	17956387352381485072	7905048802527037698	
5968071853495188564	11288785304895164325	11007586984363054785	3354106742171504069	8192711836387565581	
11680890209888507323	5381123746720925569	935288581594292314	12451067134986612996	8010892186892435501	
9906632032864122604	17421899618434026136	4812513277605221567	16510870909911247120	7161550052790727782	
16842543239794417264	9718340958566777919	2810547582378076513	534181553224178664	3503294439640854986	
14702202643387565641	15507975425922673582	1967925836565761408	7564948178690267782	10668368307867752206	
8753667640573035243	7137556785455235130	13086776402973222882	16164529045223339443	10718053981594150607	
4016413143297463983	1864134867761362450	16213310830091696559	15196050621026916194	8117575273561319989	
1518620456327217293	1402530328078689204	10489206615512395674	858713299944869993	3124095487571018160	
13684732358422786333	16962485765001022668	5723651540506056559	11944217519325764141	5035582023877931425	
11669440789279007976	9936725551949593001	3705963396758247161	3315288717298161049	9618191789721334393	
7934604679931024222	7859664049467391866	5501912698091438112	18149212662286656956	8469310374287135101	
15415099176892964707	1321461626365623184	6135783629836394218	8725437086851893997	12383060938882976154	
5865957932232183435	3930044163455562518	10193794700722734384	13102875202782492729	5590459747138265611	
2507484389235969791	4516579253295101793	8823785943538769050	2727621270029544849	13065517225545308710	
14678412731144890953	9152035635572584865	12829435633651999680	9317389042983107201	8535339915705960104	
9523971133881525557	16124744242207876791	11803537983475650783	11253371390726471140	6223208490573052062	
13323041185449274195	1711515652318709384	16958763893145340546	18357822500070165843	5553007994325714707	
14416814117269735108	16561098436620149619	8458496311182410564	3875181036243353150	7821363277904412628	
16224737683762591510	16212824695907684281	17431481196608490216	12318617611280809392	10006373432715779187	
1580074398547329664	8079315426302827105	17276426141934161203	10375149599827681897	10067037764351390569	
9473799618310523935	1718656235431926389	7927720917342114378	15221984792894678452	13773617790318921941	
10243235203581736658	4904687870186647477	17764980617281937891	8300270904888670717	5456529977620740374	
6450705246174237298	5827697517862319240	11635289707311273117	7182440759199512741	7261962092837842386	
18130595662444577278	3607375427698997201	5947122286564140266	16810884649952747548	2381192718413435261	
3172687185285687391	434451042404435335	15363988716558206008	15314418991392270568	13002888520542380587	
5247422083544575207	2006320345226412358	1520600430787955581	4320774829023343966	15822549849833647619	
9239706391487709183	3030795314730095306	12049827780163986872	16842310081685840878	785647410914489567	
6221993612409634727	4938791059073462255	1084468688564307390	8097297725364688962	5568912042898400156	
2177483308060943168	14422081625576552494	12700753612219854898	10552939649288387194	12038497979473749415	
16654529800399338059	1914884890758427418	446706383801948421	11966929973399248000	13787143535697439462	
13042993099794659042	7744016581787925371	3295768100941356838	5980873465711190807	13054128502966061240	
6070660265495036763	15136630297621678910	352065211175839256	9042313493287122250	15667894866008640911	
5587375166102430738	14778491744958720075	7117348013475831936	4603641367156207994	11715171171170873947	
12352846106186914778	17754754240012076450	8506873639185008712	1030042992252673220	5585305898714722247	
13439053918345174849	16755989042338642215	14103773410713791156	6254055870704864396	2667914039515885204	
1905618754766338927	12243912411088667094	14611096167649531929	15522118779375023074	15450999473983510147	
6330482753876770746	3346564875042555878	546240852964354936	15227894956905867170	14364214618328040262	
12832678048667122762	10211542085708738988	751091866833811870	13873850771157742909	13265122072126202091	
10666887472275874600	17744991412155209098	7159928132891925027	4307994689757240868	14691577331791812050	
11301853783448600670	464835052113674534	288390884770403670	9005154346692081275	908033400830805834	
1371170972026076392	16913054499611669757	11681162905330427656	11305713935769902165	18416644504211055924	
16474150233568665431	16344626935580063182	15650464262809561546	10599760072225076708	16992007537452445283	
14825945152048096076	17459696172468987829	10869657099307170152	2636177519952253128	9991916295106273487	
15980862625870193595	15312809592592806143	15018490765812714202	3181447479119035906	7364981075516235931	
10204794947144111089	7909325694558966592	12594966634554607222	10925245058241114341	2061682996572324550	
14305341846173811310	13291544424623366229	3778678602246050399	14346051310474788661	2449221534595279283	
15602940323846098518	8099417471493176604	12293077774217992538	2055463884870315015	10649917579122280505	
12164765581755188048	10174117377707836341	15704061132764774211	834538700540084218	9078440747724384223	
11933969951849816280	8388838153030913568	5350810408359247046	10858440693528109802	10550291820285054969	
7537469488394783928	3403629276602943325	16148798253347875889	2724989266112129946	15402850981787299428	
2847053486136698967	748161125971135187	15069145652780275793	8267984869893733292	6053673652750876732	
16026702389003791493	2490800724877923498	14061367252344109939	9203252410484820854	681950292481667599	
17007727141687542539	1154050910952488444	5518383910872327658	15295745195575217634	4422601157236169472	
3256162860111768178	1766683049352832848	473635054557246849	8406041589642240062	1027627629202297055	
15367855390264114029	10171514005774114648	15466183330810424049	11703948342451230709	9846964303652482075	
10808385266501283322	13797532271519486663	2183258780385978672	1369513487875596977	12304310806517710398	
14666428124061095582	11676582173655918548	8128448682731697331	3438853606161880727	5893255481491623418	
8953504959471684428	15842874418648113279	6897257884388805669	15929744363952902410	18436874284702606059	
12616109194525650692	14445162342991975195	7311415659354639413	5943153626264827355	1124847575912864693	
9627250466525707692	17020326234276647807	4807138082453201061	2247196447629400482	15578939113086123715	
2822244011881949747	14380712171781148312	1421798985387969790	374090531456230124	17012685502154060806	
3672057144154294774	2012323252865272882	8529243909229967718	4912525104105017326	3296802901939337027	
5222536424469161867	11279977175975422942	13934798627828574200	9151708289381441314	14470121211897377553	
888326699619044441	6758369602631477992	2879483127464604020	17493385416177928982	3001508265850866740	
3776297639518419563	8994276904699120511	16218732776009535750	3950524048012713624	12362010203208621695	
9799765413770885681	18224072307512988203	14141257657313927622	10054837675873975338	12081021587736124923	
9915864889311394203	15731874035757491347	12689622788175567405	5001553789204283712	532146050340069283	
4459434472055433542	2721758142937225801	12242418041528967557	5730709531355784119	3123810679872529968	
16341300091939841884	1638779547057844023	15061540796812225107	7262595209532740902	18219660065670312651	
3684707960651765261	17308847594578735168	12235518058095936556	15910247613934550181	4818163967294683686	
8545956918059121463	6700987111757866594	6552652492730972362	4860128585323138529	7807339547633353472	
1258804435052338419	6037425766625644885	18160205616776367134	2595231869502991610	8804907734136417337	
8361490388753828177	988356180695889838	3365429543375418419	9383369959846392543	13479268035497348489	
5285634470115388433	13329668951870741770	15812437262723994000	12055937548079295083	1561215771795222781	
7155939359950415331	2606696670943662963	10619281640842479879	14176012304836247366	5447845505072104614	
857950837123553362	673990712941810648	487556978066080969	3167217935500243259	13230030129520818619	
14371399322850764850	1546624241945480784	7622036543371762742	8739727929978772024	14792270356019704123	
7223730821800612662	9106330677475664387	10193012992176194702	12779294533016901738	9172678041513109861	
4153688173978368390	7345247865602588480	4289049727236198931	7019381604214529946	11433323716648547018	
5950215749879858856	9840399509697130598	11504723920265570270	1602128570579804822	14608650771688731190	
17780095749278284797	17270675268457472916	1150120143277068827	12600393109440048743	4961808711437209031	
11876774143339684645	5696015989615033519	16931937206384244666	13258051527280278697	10671348572003383057	
16731541928436171212	11128977304921841885	9945215822584533158	14377571825276482802	10821638174526168253	
5321917229699141275	4627478375186343607	17417406246461071536	8588531462427923776	17993934074759073729	
6635881165130512972	17924700435013854247	14170910175850015339	11455133403358965777	14609402142982016626	
11987244126511970455	16564382305625838926	1651948668502725460	4892995025288268089	6881161347197864650	
721113111930858801	9800061325862487666	1395045018264206314	6712362938269533198	16956148229328543401	
10238633079818762985	676167264723417065	15862288837804532579	4418450307256008822	8613818439835082873	
8734169291180643581	6498403644953394840	15221700020025212661	8419403236521140072	4847916643678531882	
6437954157066830383	10564665539767710677	12439176809565573343	6401661471773028424	13563833685899070805	
2344331482064283620	6610737754421283941	7178770912885195894	2364900931176490295	3462877729153115633	
281713561312208364	1866169786184605407	1327005719645374885	202172959539070802	10130865729463058056	
3158514910648184142	2317671901043304849	15321827958513924555	8437349087342986262	16285913217703062327	
692768147453470617	8637177217488373229	2979291379299366054	9148051507962909194	17310672713656268518	
14419807851405350668	5244267100499217399	9268255259624447371	3207999420445183317	4121258311271038119	
13446855029120498606	10313743929393636931	7381572559700187471	5260948984806649805	7283697160198948407	
9376461264430413168	11004555502577268243	16135784371348987600	6344482918852592255	3035450426150424567	
13019720890142421076	17895797431390420535	10164249131105441556	8054725771261134063	17838760290350980214	
15720591860611869550	3112542724162917505	9957331866117071224	13761510937878771865	11837034084386722906	
10708640202013141618	10569542705663756189	9070725941930847766	2066911127427090451	4005650061959501217	
3346383050794014812	7852332825294099857	12544100885205169167	11807044647209175358	14048197457330075728	
14730510380376522214	7004105945134650765	7842263646569283052	10585841885597379189	202119722048637918	
4499369443423125838	11395232294727147304	13157319807843313734	17793826837103360262	5874820038578557882	
1527783637161997487	9655471266248272792	417115055405004585	11292041032572161839	8169326523301314044	
14590968738298651908	3074282834615519193	8547820228346163075	5594815862293884258	17519631800554630167	
15919268551058568111	12047997031625965499	6112074787074510483	4512639951047303169	18379743029110064348	
14590925622955367670	637005315728393148	16600276189102057141	6033706876024104611	1309249748265593461	
10272859198924448621	6082337899985000342	11447976779998647974	12426509817650645154	17559069662951470343	
17446589870004546952	10294917070456532124	6530811466681954845	6073963653142419614	5982362014645573599	
265510794207789593	10103488320271964545	10712189946481597185	4318758438878278735	12433665868589674566	
9471411788502129323	6709376674058616485	9803580216509132078	4613144326674410757	8974394268024239847	
5661794682164208685	11006244937057750586	9504108669912837511	4002547534411197139	220132706122976185	
4099073755695796396	6273070440022749925	1897257271876915320	3914246753552634452	17804221871892627226	
2619863749702254018	2745439994278986312	6684468362179467947	18432144185299058773	11457157404308694814	
3042400479599398886	2138573716539859853	4434114767394851563	14410388142830063705	1540288082849928648	
14189879216657128925	16042818565735408702	8164632694403817503	3155050445895134770	18386420060698906559	
10452077287799433702	2813722522026246974	8211664484112853995	14202642009629150775	11655463971623608698	
3523585911973529884	4469673330925109491	5643966147022671898	14907337308789894737	13180805250188394917	
2998106889466637633	1116674993283498457	10554236824164114287	8717020945618091171	7584462944246743099	
7709247077820629674	3301504216439003989	15931797081711609995	14455911957401018321	6473328096798375620	
4395107948010136310	15496333109848828068	13269709408388706061	16861695759452082074	15364983853113972534	
7816637843856381760	15732874517764675884	3433413839133364258	7813181953330618809	17011295488923398340	
11371474040790387181	5368872897917400631	12504541384643806422	9638190104617406019	3085120919434289524	
5816137070380046352	6014778954088337039	16008264645154100761	13882582811171106807	18311624288382327105	
17035179114568191941	3199274069257844888	732881556862372543	1485282222261437296	13078626328419346155	
13095918172205825483	643755143888570067	7318327591517456762	5567917112979231872	6398697754167732215	
11486198170219753263	16937632692896190210	9196136778713020952	18108385217864661927	12115941080057538676	
14157045476592502609	4101728129194695640	15625933009135282816	752700607262975671	4634311345340325039	
8629309419917726797	13403768700256205358	7576884028328494969	4862788790567730879	12608877780791868633	
4750080558832414589	7712513154603066092	8497313188274127031	3295309101223050094	17400280838153884916	
2276774943082211721	16904926321449981302	3770651509724059101	2693466282685785718	3776346381562944525	
12424677174308217187	3542676404861461589	9358711368901737456	9518975516936553276	11101207590636764988	
16514574382041235924	11598540307733683858	14928499133759543154	172371586475672159	3445571568621305156	
5645128043533162233	12870989693979146015	2764441304536608429	2027246931130942549	294309301061311260	
16391918506485313442	7723206757579340086	2568436116038479255	14454433725375986611	9538802276592983816	
8722783164488509179	3300591705901162847	8920624434894548215	1377450153591994428	2985303062010345062	
10092300677215819838	16195042485182965139	5352610279098760892	11668578256914468815	4955421408439541494	
13122679021575722288	11593107142158872641	3507660072852474267	14648861180831265857	11293529884793407648	
8023043360844929959	9107271486780797124	7006860146869340254	2723447287238670154	8279514275336888110	
2912539422920181111	13993627160535643212	11396485050017766936	17731929306050906105	4405669496052204105	
6156428910154081172	5565729094345021664	18008958435513106306	5523259088642399454	11112158779505634960	
1120863359552515055	3069910890005464613	14105208367297969420	11107998385539930159	8798828266875897381	
1113539856658926755	5058694998764322970	4670555856775279593	9298768325976958985	7005250802916915543	
2741070514819633188	10389848010945411285	12155276180087068140	625804983769069167	3620124689532985228	
12907202541812941902	4896053072079032139	1664424336493409909	4645135550101778526	1363565643407339848	
15312128230458237653	10755496335994839415	14470631804906917423	13977899785838296805	14512106880266949593	
774799249311099018	13395455695044560195	8661558031428797149	13419204508719096324	2540768156744517264	
10345256367338753658	17866447268714488031	1292458508478019578	1779918698771227419	17921951304920078846	
16364258550831931554	16006030244579139923	10537651972075197004	340724713055536750	12377334584791446733	
6817817093649184265	6843315067337793184	3666808253416282485	3757850165307178021	15848921279127645889	
2506480075142785437	10814495826757528740	15353121442681029936	7548671554882509523	6675721463573038966	
3063510513815277303	17601348595390140726	11175874947875827886	214954906034496642	1926488938390120899	
3302403306974055813	460238751856660951	4658643772197905344	6361733456595160660	15151674109344452192	
1657762227359856095	4246624941649463054	4664766260179774796	4283492827935236389	14333417951805752975	
1167524393094125938	11134526553326513526	15588010834106546026	17174846407358400334	10100126877523973127	
5407585212702380664	6255694490517204517	14061957964352625642	6250298601636820524	3676610071036068482	
16567450412197324103	3854179555073856519	15564485448464821094	8137544901834265519	7894363634193925048	
5127362275406729393	10591682049751762393	3249677249905630014	15938937523525152844	11001611626452571364	
7543820580928846909	11326804130243261495	12117668354274926714	17381364186610618015	13267419571718349774	
7770403830732173284	4549980985071500013	9491439799413812120	5753442544143961080	10687033949362220321	
7034856736788509892	9471470297162660710	1126719496924778631	17388433387805030104	2679748540130522236	
14014839361150673396	14883196532659232996	2507618750190946959	3277718251378778756	15081192060382268997	
14420289766058760629	5250813720830313106	10714969054425108739	2600669527273342150	4411265800905976894	
7285567091017416427	3522552848342126095	265687787569419669	12700123384092167593	13651067846896400564	
6917270585590366609	12658425753812076478	609908143645679633	6677141701997615471	9625454708191608477	
18175185914326067065	15969353837335563500	14734671789060597333	17546259549820475338	878656763307422039	
7888819819811312896	10598303792365133287	2132804009846963306	316629053265840602	10310651680348328047	
14595486999387395637	12956338703771501501	8710059836842766139	4920429382327661635	13488549925289574034	
7731036366443026405	3118130911851193211	1963560863785225685	13249438050320859458	6525571117599746504	
2768613705763655494	4653818682939903970	772387068754012054	6958194404889754257	15585700455212467315	
16236652043106023129	1698123348688855090	16081624335852432884	16593775174615541818	6403727142962375771	
16060992793253450805	3567524681574657738	12421523712951905131	1717906749853670788	10169320837459352959	
14345900841517318739	1908143527379352565	6446522877452009681	16092327224484116533	5235042106450104288	
8721063923600316812	17060739977765540411	12595417356308109563	3752261807136338711	2907814964984750254	
2247540265873392539	5848722333967424629	11552107345756883027	10209508770158869271	14260031303071730153	
10289174747892990813	16493621195079348011	5993290629954205728	17494414312356280681	5189090124243565953	
1316060120192620654	6094305134023348119	9524708439285354664	873497332284386125	16723330077420563854	
7124165623685731421	8601826470937932964	2475335435301599133	17277051606771027195	12080110330864518982	
8212236698102654270	15613897162960468081	7996120317786448642	18314146675347895236	934816741127474350	
14215128493721832577	10489058187168386122	13908028540961567299	13661111865167727354	8800067362149455714	
709816581161444258	520712241120663280	10859572340437069978	17143070857979256207	17651448011736588983	
12142634601628384372	12700015027510572669	17850757002894904371	10484468230301942182	18018619915572495	
13895914313559453493	3524171843408319731	13220833933075047512	11080214084889989266	13732962133295024855	
8265175444704085573	11792911201043266522	12605077058570451652	8834805368462278857	12256716109578663525	
18317873384343530921	14524972909051352416	8741593409746884822	15272170765336394541	1218920014303329703	
919235593228558123	15363873355529771028	7560603740065229666	8635800288400037765	1465716690169937303	
7525143408963135764	5075955266643664945	13332830845559753588	6147514221653227586	3523078413713787717	
14684638310531643153	16169400449004152443	17269935342540883198	11186912157751985097	5196925342512887406	
16441706613111111096	16291154818254366486	13433217512010387552	6717764809626518673	2699636411151164998	
13569913692078555523	17618225872112412718	3088845166775670363	10648133105598539838	12477619081849233175	
14803175416432132982	7388150372258195461	250610144188807113	14090119103737163693	10444394383238414200	
12708909029952645038	10035544457578370923	14520778924988084381	5639902611248168429	9960327986448339218	
6291223558412303130	12573299187468049979	3073020210022464346	13658846695381593495	11369924103564627632	
9846773586215082767	6094217206760679006	5193258346569957826	13159200803503792693	12248378891681516610	
4766898831922641019	7269512642995915100	7939865402217214988	12604902097467272428	12664573515063636701	
10983511278884993203	1879648134883109876	9551063868358235019	7334074305535027085	17213960746103192338	
1407262094665622157	1579799744705791766	1842145914882898393	849432186740614302	5097179282006341615	
14628208237029159398	7271588437400081535	11191174491971962970	4095843284425275981	10992467312848986595	
3593314254247584773	3697238730018375955	18423439401436272325	17532261299743503280	7982993636277355553	
1397574465778793293	14726401902579856394	2445032513985839499	14354148577193783899	15600702902381316096	
3245165609930553991	9497906950038819558	14704266899980106380	13371470097343466484	2016478917329279846	
1970779428732023863	4625279386303820008	8150903901926616952	18342896395409688077	6476103195882208413	
5114526173425814887	3776053186010892565	8105373640864314222	16766060154645309634	18317046347676455589	
1035138324967725894	9403428203334703613	7682112810233168312	17109515520462319712	7586494826332908605	
9871297181946160246	12870713921037373481	3781294611224810117	17971932417585452297	15570927343968983189	
1422996549018874034	17819545597353623686	17292863373642381571	13382325038483343924	1253794822730096302	
13486637384305341637	6960674580537171601	10370034498116323117	8988532401247828928	12495593384144461145	
17377268668013837338	14663851587355818387	7063029618726504731	11490960685524214510	8287841088461033456	
17694408783688949014	9524932101700286877	6009494891309792377	498463765591629839	18139287888841512187	
15145313533320397901	178859186117461198	6226690109158776029	5316751450177431337	13452016888812492300	
16285699779303083664	8569441384401743668	1449583984033354704	11819900117593912736	13952382560249478134	
10892386398464481041	11238559436590906191	16625231638065870378	1039481768079405438	11113534529051007734	
1521366772616851355	12142757420805738957	7044408191630254616	6402264108413362038	3302859320727393445	
10714335263761956346	6289343249928713227	406740240331459755	10102608082946439721	3633140688658728153	
6996692501983459909	17081414448426478188	16752042883915342392	9944224057308801905	866137585221422680	
16653161094980926485	9316690231973512559	2475364363528942592	6543418003789315951	13443558616053474922	
2800198614317974394	2211737318119534754	8264386512543952778	8106401974124610328	4252375556143246652	
1664826517151719224	448929892149845843	2302136896189617524	1245398716417534757	8184581477096875747	
15600857940559792197	708883924858637082	8542348307409204382	16752856785695639065	17811252030572813598	
14975662085656265764	14619779694524669377	9401332777118041703	830876110722163825	3076188680601429534	
10426441280800475702	746085748999129874	10342041610128130753	11496084562418427372	15504434034881322959	
5546389835978883604	17821221181251082865	11195185445401241365	14870310864356497191	9048171071449373993	
10215744964353268372	5971708281881558395	10494260082041000183	14200137021107743962	6543982576482356107	
10983629449363221597	9233607621447757265	1802312401524139930	5795271900364600476	18445324328311116401	
18338179898576137685	14647828839633027862	8557802047786375253	3524343617904878461	11291432231860143997	
3852234379872267264	2575970381791993951	17073628652855560053	13544904527945911609	14108703086984093352	
11693165806070132040	8623861506706364031	13199783457755795343	8309731012802871070	4805112533920121277	
9297341797514872773	14800438976745813821	3231220841730213110	16483748328892403866	3676240360193706513	
11840315035306774750	10535184403087520759	8011066048018127369	15839857557442313942	8553276672366150529	
1688577113236441087	2603723670267705138	11618701928472722557	8602126362282164824	7861362763893380127	
6807236399770466994	15427418410301436958	1493556631532211983	6521601774748306792	3518281669107430378	
7024202095245113918	3684200720166866051	7807480674536725783	3247065355950084983	12307171991558992192	
14756152876580414180	13290749930979577503	15076989554880061498	5953371661601596088	15254085353817719581	
5063810326330331665	2385818160754358093	9562537519799700232	17954264575104841414	2427715744596283337	
14698333790488695486	6945311077651833779	5020309287668314884	9577460925905672367	6542668237317440634	
9309901162690908599	10595002038740025235	6363150054849341845	14708197823871827059	10465430607637862963	
9500408375919422233	2765626228452860408	15699926926015784554	6009222842917544121	4649884043899518465	
10694296971327544674	18015732434598348767	7136125159280546974	820291198153350936	3002088083534243026	
14682510512509830134	7317225597992622901	15921162550960896911	2749486427356546078	9431873393819036752	
13825739364355447421	15774548672208192164	16354173328940309047	9635958562294205216	15504993927432947718	
11700000087557105707	2192528273295146616	7951481645381645840	2155422170582880569	12120601436484392771	
12590010703250182323	11044910510930835780	699941081686113837	14561404181237748855	17612894978872733626	
5987317786426503605	5386144775342361889	15962368012916291873	7099666379509022391	1992215299515748575	
1022361707366967300	12272869771482584795	9853061885898251657	10238101903050824788	567302860501137999	
11970152675451038628	10694745089845824058	6642814563302500395	10770946350113893014	4446908500700965193	
5989860909454273267	2308803945864889608	1690183085860716943	8888488469667737505	31752781354798632	
1766984222223960771	12825350813234872713	4065643715746978452	15257083556064547706	1576065657992385562	
4973267711797236557	4946904534325927388	4560235204063922883	7065490608153272909	9603817594013724347	
10941101733131726988	9318590120518745880	643740566100113513	12057803399974755132	15820452054273458917	
15679306573449857425	3721245987070356921	11380442832758992281	15639648078875449662	3507329685312206198	
17946797537527841523	5608584537706074311	2212191071138291776	16972478911536856508	4110968853978759092	
12920446738735414476	9123672800179555761	12573270679391034767	17028605583499196392	9805755343263307358	
16701809280095207735	2076623627950130318	2281564436726343862	7623605027259318068	7934029454511801338	
4472238352547434537	10924648475049200383	18173909797411084060	7181798122344567855	8969992746863771162	
7975497709284164089	4541549910962123508	17690246299873752237	18384549202553046982	16514215627732686907	
8547469781010828620	5870906226014175359	3076663028142007685	17737190937631958739	7042736543503950086	
14145693550360146674	16861469270236964105	8705829162976064798	8340255744851364880	4082704022195045858	
11143484053108069861	17389473522254520375	3402396892884595809	8051184229447595511	317867644443589275	
10399548580363776047	4461217781729490863	15665255389160700082	5001801238174524326	13435934411012365099	
7764746146955192546	17501502304342254459	14172257868713496675	7434118241505554457	5713663293850282170	
16247756220924573317	1606914263818226170	16369490056160418699	8986035272733237951	1589373377462551642	
11537548466309746170	14635624686696132772	11233708087272970771	5557027421930957199	12801254829328583555	
1194919066209134621	8635231546256092089	7540796204356051196	1812468649736281705	10880701483516015320	
