184467440737095514	18446744073709551614	18446744073709551614	18446744073709551614	18446744073709551614	
18446744073709551613	12628241989209996065	16051818937861736948	12130782845828521723	3415790661549022431	
18446744073709551612	3749752514844028796	17898171593118906022	16024364873114811047	12596836402643684935	
18446744073709551611	7929899865214920267	5529541358825225909	17303828921655645858	5450166850394762988	
18446744073709551610	10837722135987759167	12037528314219463915	16270709931247063836	5705610666314101270	
18446744073709551609	17990265075729093051	5074232272039295399	735584124174362797	773855249345130618	
18446744073709551608	12741042454843894030	17683019030889091123	11442196704910676208	4194422921050256909	
18446744073709551607	7198421693999955301	3759164628079071856	17790548702180994635	6590792124917846830	
18446744073709551606	11716278283528116291	15863670190224066534	9153234050684297614	3945734091751860656	
18446744073709551605	9704240673908821920	4970183078385193049	11016926921449034623	10445655638056124516	
18446744073709551605	7249019341517534576	11041431039358214696	11007362878340557580	17595728563753127777	
18446744073709551605	3023180091139411446	14502497839524544928	3971367198341099378	12312124660803228261	
18446744073709551605	6317344110321740429	7964047991923456367	16922022128920515636	18216265460319109146	
18446744073709551605	4591499857111552148	18138942216504537334	3962153000234973090	14612171653944078671	
18446744073709551605	11430004692631413060	10676353831195133666	236928687583926679	902508096303102718	
18446744073709551605	6787512253958990220	11269359692972334753	14560815829604766556	17035151572925332660	
18446744073709551605	213194705775779594	18401895097017460789	8055713826176769442	10073679290410338818	
18446744073709551605	18352437995467413538	6658621978365374329	3016497971821282066	12666831186078393069	
18446744073709551605	11300910933224597604	1753779575417680436	5094940917195494370	408022811103502744	
18446744073709551605	5637780632049715830	4985147700503664435	14594352990918353269	299408050028343590	
7338189935590684533	5317984856604373164	11634062550644282908	2851960449599512271	7192309327030987530	
14539968244833377271	12907504242864474209	10662050355209360441	2028069607400134397	13211124274964998772	
2936340556257061352	7945870907903627722	548372255320152715	10349615123400355240	18385733975410007288	
1453603778190998621	11753057299869262427	6171346461066708224	8177022740593122908	4107090164221107030	
6653874333175962947	9268476051129169173	16282505876680406049	10547823633059155702	10444474979376116426	
7719086057614334932	13471806601649843760	16544106630268466653	4953576692639783939	4613123111111308149	
15332099257907624301	4030585036699183661	4888071523198771125	5552499348375296566	1625351053581769550	
1402400728187076402	8533330649306943182	7308230729009615070	14960165093464515050	18346660523342351566	
14411167536289902067	17649825102389827195	10600371873632380322	15504110253560115749	1371062973846635596	
16273771778959849772	7789477208213050004	9816440257270854320	17224964714923365897	16447985310900932145	
4786225624713014291	14614778800980860112	2515195855587602663	12058833729938772171	7049462252443576143	
13513377358739411650	6057961366401610025	5710456249140889279	3892581498330629260	17953590847400544218	
288869891882801687	9773197025971806700	12591505739566024547	16779118251189461691	13510561832326533930	
9511549325890821822	13662610038881268846	16812852332990756598	3817400820691949675	3690442816950695149	
542853692393293171	2282991708558131954	13590551981062688521	4578366429533250984	9507127317515238488	
15847397810800445016	1741752623852974939	11577981362419419474	7410183807059924050	9857405087997568945	
3365864097478217464	9278074230085973086	11709172630969788762	7521110194815868019	563447077500787516	
16466725668497763373	17837199596522807087	18125377232535021667	15149085950051579452	11449150222242772670	
14418811019305844850	17141023277430335327	168344330337675122	9321191350266643612	17122855615324474486	
15920716220432965634	14895375545707714892	1790001667988568064	17659437871710924155	14156435047953729307	
5165593438920937297	9989906449301989610	3629277183799230647	11770802117810590836	9141021979110444687	
12162362783972011231	6610686818026159628	2562301293601898257	16573150101358823671	1186595024678074004	
8890632265072581576	27671915956309686	15636891357024389644	15523875212038709743	10292398500768963112	
7446867731756335443	588763039763990665	12763858376901804873	4999802547014105289	5463689651856113156	
10001272199028638100	15064232082038982236	6179014914192707395	4151127743277203117	11809315757431618312	
6109563795684570444	4087088384434717305	4801516491368438499	1123961435799441900	6423278535491934236	
12488049102583469626	11857520821018991598	1051411156632670575	5501636713902447056	4183661948822982070	
8581738638093233025	13790426663133504406	16314030586207824373	8028002591121070231	9735961672828521042	
16415588541035335079	4923220099304863706	17787323703348810518	13719084831928988601	17920440033989446499	
9904594271661427065	2899666285723743687	3588176882137564217	3286010375422184292	5393407491344005422	
16853854354749957058	3120084105835575482	16883576331183101266	8341040523357896017	3460322534068205265	
9362905241256221461	3649863609808788711	17253468106756213498	6819724857516042457	2118589821808629446	
8500734688178379208	1712554623372503441	17015955486709467311	6085819343244355077	4424522683735859672	
2463981092411905251	8860002670086360900	7906662844262997176	10346149050717652192	18247752237310503607	
17319744156355741333	673760488051185701	9608009747813971303	5246803808905714068	12789798948033978534	
11473744660742062655	3479201508276096867	5313103056079385328	12108969928772461453	12240871134810496262	
15922036974722126557	12960518465781772929	15675164875395669316	13264677135660366415	8248007735157448874	
18354534227896351263	2139345679074558258	13351822834121765448	1726690044349630029	11550577669770058201	
14047419387647913688	8175816953033468181	12848862907299801633	13395027235132323134	14892165414715410977	
17236403252946501091	6403252532014422965	12750355577853253910	15359106705436025993	4737214980977444433	
3408084325804220948	15130693461376769461	4190954637470485656	4642024275583739399	18313007641667714843	
11109721825809386286	15171164191913079856	14653941583367636247	3528251025753615999	8324768542990544084	
4658563540737958524	15608597682805482864	5893870672889109262	275156769629382028	10996098037654938270	
14374760308772330541	10259471015341393177	3719973059627370321	10391880995731439312	17899306267180547746	
11287579102687611655	5849386830524230101	16893788946638307926	3337504834809260937	18014420878477284032	
9118714389752862245	17939647095402551092	15639578574886315968	3321320532415160976	12315658765851137572	
16621870966955383814	4405209138366292080	13934525052599644964	13052410250011226507	412195029187920440	
17861562536583607905	3778876732664072002	12513470205458510241	16425189152791025357	11437319165457256763	
14345389380274137307	14758677301865056103	11740554740230249229	13388694163583682072	14801564198345555752	
5675794981443043909	10905817708921559489	4430356418308331629	14389824816312075067	5980777917517634883	
15522575216286293280	10707042667169586901	11457143478123467908	6210766441359298494	350173857372615762	
11988284922304735176	15561793712289886661	6600990916348237528	13505487540808814787	9831708078683252076	
6454205547034477326	1266461474585734873	9700205491014506559	14671339278478334136	12954540241380198295	
3193789289211085962	12956344640951600847	13312181787734515229	12793165790764529519	483933000763552039	
17875347458090161010	15018708566368943152	4024438271758251035	1255268234477771862	16271536140346768467	
3766635742734079158	3586032192377022193	2865024154399687086	12833468053903414351	7716960108827837450	
3053230029906192407	15165330602003877400	14852058715508438714	11993834020361109703	6807090329927583895	
8373172674272584845	16470460448656520994	5389858419972083061	13157354698222536240	16325515463826553012	
2222385860994765389	15513286706436466502	15616686224380163001	13952190999594796001	2878477744887237114	
18170876064085258568	3438882316540882708	7406272510223757273	2795812953340915662	4307786994388554789	
9237334980463961035	13310365517860925918	8161720488699372960	3070058839229032682	8462097448327971276	
11229642217570836554	8420442588014999714	4598940088381502600	10319542464967401348	3261014598000285071	
5790612609431783909	3101149170894263781	11377509890140441228	5303768861401789187	16248308282472538845	
15932341501746399155	16672624426473182241	1850204303639384033	11887268799955076875	9331621795599735341	
81376309149653424	16398992100466505303	16565255223771065026	5997444604580071747	337792276560940304	
4616964447863691337	5864151103864653076	16831728780001926040	6367219222179870407	8729773532387303282	
16148468720327581298	10279408555375560644	10582006991556957928	16232073438593525126	14269106388217834699	
1417350330070054573	16835364901126320505	2909384027004877880	620753395366304393	5155067342345084385	
16643402266600330890	18042591780664265277	13978694880910524499	4948681235308942504	10794609498796463605	
10882498846759469359	13991962151140502493	17164131119630604018	16596931215836581777	3788503501468095831	
14686530412197606839	4446290621674148572	7643791055587572664	9972481070018163305	14902914514711029619	
15515305486395838394	5719384523300595486	8224125724918917307	8493204499094257121	4895551970016321265	
6460106124007604403	1270338488797730449	2639596416921411948	15252013494659338472	8676747276958058301	
11143670117817064420	17842330184601599991	12048638050466544523	195599455590643504	6318341643227094136	
8221110540701384012	13932077603226740887	8978960322027908692	13539171821791164999	7304922219696102212	
2630075837274896123	8076284330798950256	3922712411390785756	1411274146268812917	5428395256738121127	
7745836068157723517	17799151246759063332	10457446496930090438	7768224847197263261	14239947985037997736	
7586390154389899192	15403515355131561522	349456578507253118	17504945708377181119	4540288253583077979	
4834571881538093847	9246258339510262661	16477802681244224286	2227447029260388220	13496650868660205466	
14957209551131952881	2344371944726406431	4751370926864126836	12817046453872039747	5860013711111665983	
5863222153108361557	3927191205659258601	3731201101935121824	1211420859687453965	14643841300200583152	
13612627301715689234	9128672501477636384	14625573274993983238	5921481623888867122	17035224986150280223	
2608549152793653602	12491178225539413808	14139666519342171936	7366753984908529294	374437065450592983	
1685650080709360729	10993038706059034380	14196206431218005636	7539298162770965265	14332472153858017025	
14104929123040271672	6359416923034088790	11192216867099350345	559307439621165419	8761469151997780408	
303831150757756310	654300010486997515	4768421802947180106	18188978850270221469	12548972759703303866	
12233651358220920574	3489912713104723919	8294284798583723764	3361480788723484782	13355452692318785708	
16478692431412342127	5432534613835791609	13084706625314185937	1241762250248020055	2058466153812852110	
14508558662641376028	3881030344947763225	16224619953780408	6039579672013183078	810957204823469908	
7950369851929993838	10334371013254638109	13026887827719456297	5962534996450061988	3942934892511394277	
11602536446235577883	8225437624355957065	16253417557266562549	4544638144704313170	14371094632905547238	
1201487624667352421	1986567720439092162	6433148308162296806	1865233226261426476	14813195968448715303	
4385417457519479462	18097882175632808858	3653380670318045943	10285352508056984750	11936098331599911421	
3303693310407133070	2734485296886989895	13962294942551894458	12504966883447494738	15302421532873806842	
17856765393886334963	5937589826330122064	716869506364069345	6122812702043916210	16872530707881724321	
17957177329399748533	8183589289047445119	14283714389899242096	8093553928801765765	13248490528869489771	
16410202148897598119	5499775063107285646	12986294124083609134	17483390965113277108	13943165711977461347	
16521469734017382729	7097533019958392181	17455034168364105179	6817070898627845178	214049600683694842	
15317568195517240351	16164238230391934679	6881091239512891435	7065828807933135600	11519305701348221818	
12779847807168113605	6637549330451662614	15347461580217084557	9969226800197525964	12023563429825031908	
15489038360952658907	4029415857211883377	432602218790408841	12200819323977374263	2982843468946406447	
8544445233023855161	17762775167083253540	18299017658937762055	7662997850864345539	10247389333632184173	
6624951061424839303	16427557863891848781	10160902407079230108	10200513560556900647	3858024429982983526	
4880702700059945808	7764187069237289548	361171844999278850	17791274164408949361	14372853153557040123	
13262374705566786406	12049960312937563896	5608072793205817458	8056135186262231333	7335896022433767245	
16219892832953030601	10721657793208407364	13523232277801362844	71005755316962698	2389819880488990566	
4110989371954638833	5021982116466416970	8369168574257429870	1910077594731925603	4150227731523348850	
5827321618813619535	2519102442593636998	9735681605492465708	11950060458527041417	7881026397710731219	
14119419902611965957	5143370913159069865	18051582373833721184	2410353470888207200	16326835017622951242	
13305772530115182198	8126207190628109673	11936442997472499039	9048505451257923374	18131479629464087061	
13478605381860156666	16974297183500059315	10215853231184243190	6594965726027194126	7071965078803186082	
2362798957217172228	9831785878915482135	10548078778286334103	7536131070975238698	18146746899876458989	
12670756572514357302	9031019488313700143	6546435668956104068	14998041006112563686	13240817537929922133	
6165211962132631177	17806137217669224858	9389747531082546836	1358432263641566258	15857648841811170682	
8373029278981061782	8469151221781949526	6711921867378656778	9104623903244070808	7018201006795489656	
4783144889486421034	14195919335768714435	604187289418400441	3734132872861601161	1143695775048714914	
11660267109386395455	10405471669949432342	2075279641737791873	1766314212939660592	7296823824107309114	
5231830453922720612	18015941925996091297	14048682134989001998	3255274091951908229	11327089362098884595	
11734773924402220446	1058787057537315930	3773167506450589446	5859712309179475	903210367931727849	
10605257871927419958	1731724392424678202	14970052550250089356	4191017865516854690	4465893031852646345	
654080512716274273	7049635399990295495	3243000072316563657	5376941804449475682	6364470602637375393	
12283064344463003979	18320192822216508440	4712534862110357955	16689514944409678059	18104834100711497398	
5301045034569363171	17308273614399919625	5871282040825300900	9756243691385472786	14321462672030616938	
4254843516867291112	12587161979450818466	17178755612096614336	13709108687161468684	10679333825490220751	
351105700601064448	9583070648378912948	16314546118068699854	17364430707411054365	2351298479354625065	
15250567213536756978	10163170154111127633	4182356249142190939	12847519682103351557	7891130743269267853	
14385005936490850671	9929069008323817675	7191804921011364513	18020444090260078829	2915920846510011192	
10067428027026802978	1256647300364406100	2265964702755207890	7389460188882774084	14666954302264469340	
14937733097768687886	2340553001695324138	11285895719286816375	6472974035003858106	17859455418704231852	
8013383722287024131	17675924833928762763	16843662321012414823	14421468486196030326	12757005632108040100	
6473576114592285898	6534721861494099026	9194887133169269269	9710409064776094158	10452251044916339360	
6845856891193713494	6939399747679055896	11449547725055710768	4246345126518981704	17153576339809760113	
8953683500473622870	8605336361169268846	3044323278906386184	2703771315184145861	11807119463869274850	
13169614282838032150	17743308060621750246	14055367025771292260	4821490477737787423	16328131616776948483	
5881362504917263377	11484743094231778645	10959115592538478702	220533445232827904	5328462044265375502	
7659514543403128217	2155901110965261177	10595895773425820199	13635386256475286222	7634502003654458178	
16544700458288473618	15557922169382250277	13611078080115544283	719489530572026387	208255896267923379	
6137711036891360911	4343186604680750744	6438472479915937740	16701849669839944286	4242124041246027935	
5746715124039019183	13063358613166631840	6216640311843647461	16762628270897879658	122056687046234495	
15627126034468060994	15789492649388505310	16789919966765846035	5529780880508217544	5553644144375252819	
17357140073457513390	1483661159986810979	17209310592806158821	18207371250673723911	16992337392735304438	
3379648570093026243	13461235737232694676	18367115067014065762	3241691638960912100	3043221626435271702	
198035042499806466	10414524089044939005	13149665736610089721	11862142997642722114	18303571928784263243	
13339594924785964414	5697667211153507536	4005938946640330288	14539132087390619263	12733942283657194628	
7523172066277506381	13459623107125844642	13404065518390622212	5855059504269771602	5144073142301758611	
1321451063460117584	14569765709100819923	11304265440107401302	11146466070371902439	11046525408927606027	
14919070836846356227	2761094865624235160	10722613552896723423	12331634023138666009	17249700191051851897	
12003450063274221394	4564823704396215205	2521147442562430197	4405719676773682429	10863841260638196998	
606409917766834960	18374643600746132681	9089887320419778709	16623423147472255472	6745399380484232975	
11145096140250196631	1513183262818935939	4299359613906009065	2229586836520438294	11935699857313874562	
4146589953283024270	5867700305987524166	12897135239367046827	403927665327637654	1774092933663138983	
11011691607540314542	12085715043261432238	14489209324834466677	11698516947246047312	3893471833587957578	
2235851296121850998	6665317098378169957	12453736342263156187	11620763571013186371	16516504918932232207	
16459965411357616312	4055238967643672711	7973423391861431870	3365183373105065464	10606528483431780141	
14967385107150152417	10875354705539628427	14402895115503476313	6525841704170336865	9507488606719067425	
1077164250351951306	2609386043742279584	4145730241177472713	13373122985668735834	9515345293389693002	
4124855153798771145	337023058958307782	12496353583282203570	2149886963701497724	3561097711975890642	
7297736998424297579	8084804864353472271	2407839690505018689	15915090282688548155	14859317131792632602	
5783850172444261731	337141513081218610	3651029061661105316	1800042567134867079	9566665297432662003	
5272088839046496417	12071897077273414113	3078354544139535974	1710401191058801043	1350442199018272363	
4174562552603174934	17142489027550606093	14323344205338787308	11610024857092379263	16078689489973851948	
9739240541700156070	5556892518023905262	11269872664825652896	13207370501936118906	10588167950057480278	
785899909180484177	482414019991884723	17175118223337177068	437759206568928137	11190516858868605332	
11787890352460453124	2985212868636958126	10380542930588257881	12978262445070392853	13229387358525135548	
17493766047618494772	9973342315936498458	18362284687124267486	11965429205997103572	88410080993828279	
15723204340697797864	7614793194556900809	7473509379444134265	5655719053203426895	11719960093879359760	
446944564165679646	10190987431340695519	16717581077660459386	10988037381383881143	17628545167391405249	
2343632825344440099	15471446979505107539	14380561294853555827	2667742636220629920	11931154915818386344	
11095302518379424503	7962770151658868814	15079061397984034143	2138215108147456597	8821591120508833540	
494740648689234256	5775511460538776839	8813805822045562729	2292321304154410996	7438053459971808801	
2173032379335554105	3717111187919946678	2068324723456076805	18326664808287036509	5841636748764460972	
7423793442094914191	6776644702245311709	6244439960503609257	12889113889287716727	1742016678399817508	
5238043516767869099	2048201448869819431	11127673089815186646	8893050646536358112	3298887044424613756	
7314597430198556035	5058868243228644289	14192455362947108395	5180923982916109842	2285751227533966204	
9512970643090920381	9163596720574949499	13713702452431847297	17014537593871410036	8042071330637968572	
17959591068391303407	12776246913832662785	12561148151844247659	3937452323049427809	11813766550084888693	
10734511452287053512	8583264881949418845	11309302085204556529	6950706490142463832	18005352907793194400	
17048562748557300167	13847298612375785822	5821235923815876267	9112858794839893280	8847725695195174546	
13991531785883956985	9443446755227565079	15207781464773212067	9914067342815443109	15551913088141522078	
16529427110665983488	16910968807850358690	18067551670241604602	5191721973444117961	14313116303473191790	
209023660490418822	2137012574586582326	13774326944721506377	17764251930552604975	17728472831302277060	
2153173916242216037	1812527659329162323	14274064428818138900	10480849130710731779	3206534632560825491	
13071125635783586666	1852462552075639341	4582366513543668913	12626374507568208452	13736405437604417031	
1149073900920113431	1123796243692625566	6444955767928284321	3180806865043382968	3623542894315157797	
7165528384164859267	8317996749685962976	5475777283769558589	6251451221861355953	16895695247620626749	
6149595887504130505	393100528200004554	15152728207262693976	8687082335494151222	10367004571827379892	
16793607732753875118	18276933879645460303	13495845402165277175	12086231853160469860	16224505888602190036	
13539558150970741424	3236790391035523853	16356394042802486657	5172302329536982404	15537768243570535936	
2436992551576870147	5768919778217002815	3123591009258470050	7720472699872866340	9242470513345399465	
193683420127367199	14360330310504754134	5117050956830261552	5097710719746822665	1572193483376291518	
14247295239013633665	9781467847666912168	8922773020389793948	18034115929179327523	7936996548734821517	
13470504061966518632	2671059775390669599	10768532522411449503	4021411744799230180	8284370135775155987	
9651507725513040238	2205243877198233540	10937749842782648299	4629810149069780249	2344394615124823344	
8180454944804543263	11675526692019028344	7719689758337330232	4076869371249323946	14090390633599616663	
12659793094242760360	17256561074255066392	5629330992504412704	14978025261770411746	9081040896215115879	
12547289389009239447	12501401759594891354	15343743447543451450	2381690217139729202	12270252095497948002	
25983089685914574	11668602446460417718	11653898512481487096	12496220342087465289	9057320480995616527	
4053132769357715444	14902053317724284938	11783571064203826429	8392280224463615497	16131125067048337609	
8432190875524797779	15285388637101983099	17108660946948383803	10059061254164173441	15445369875299007077	
12716461306162270124	1283710964490282165	18355695822191141138	12384480038434409525	14899562369533674000	
5505318500073537528	15835153263232274199	11611403239439043082	2894842023013221982	2709553033551396424	
16772295290040664392	16770447719018428030	9044590426415501057	436168410804507361	840721607977702345	
2202814931581239656	12063854366300152170	5801523393098271836	2066059568322765986	6157532440802632195	
13131124328339999049	11538682716124481002	12801933543660922999	5780784586260152418	8894960229554935046	
776908634748905744	15091323643754537763	1600019691908749726	11938612804366981532	541094872500391587	
10402265562707378063	9261542893687340803	11584633576129877268	11513464824951768759	1156137556252521357	
1779117303985993009	3213592460011658049	16333405452226096990	10573553747523643072	8491711132413796329	
4198011820191560556	14678113825474017438	16297532486772502760	9417872847873759535	18247158477178453259	
7910449473529265230	5048505095496165125	4212871201528807732	7966925378202809551	6169480304969040854	
9605038738906977325	8913312155279543667	879415819296903156	12216451638605491020	14194356334040876874	
15096410847115824096	7479333607573888302	15201552209933342019	8789902801980163211	8874017700539011640	
520472518135072939	10175422410211933184	7525645982114258414	10163048035299639454	14536814070839980236	
2016685243768707817	12857909895131764967	4331758242511484053	6389812558852357832	15467239631151542044	
2039755098785259772	12800194521306023555	16464608604162215222	7918425636783948822	12055402334039327427	
13194317205856812444	13521803785298924008	18443369442861275882	5086635991109723697	10769126581728197799	
10355717176415292257	8232586883742221813	14858485326697430223	7618840953364377876	12619802327783724092	
505985235278412722	64551366231859272	6863887297806400807	4684251574834647435	10964207998680573099	
12487506653073132039	6833745055270053684	6791535188445397606	2667273641838350216	17849358133387655074	
12993240267999152097	6848068413706122491	7329989586603516368	5939599194806090632	465395223979380196	
9932141691658659059	12529813891269273781	16825700864479749261	16086245930117323175	948834223166828444	
6208336215709755609	1718785685154257813	7786468420534559247	13526033583863014297	17504452135784304889	
612710227332005842	3571218140184341023	4615455848853067730	1667165763052743143	2728614135586415226	
11883878609804027975	5774399706640430447	3898219458430194133	13875146294961244558	10364691401399318579	
11663420410710726619	11583297248672087400	6708302865091653214	733669060214820878	15741890103917944251	
3760458316355410463	6585574972322213505	7561775782052876282	4653693177911005390	1477983936633683627	
15420756537859034409	10892184796505900644	4053565399583503988	9765208353157080123	15557892620488490551	
10261823628306744441	18392067002103004073	6171315984918272051	17651351238174394797	17463183902654005122	
17602546712195883500	2862281694141830862	14466329102976759195	9295305282391879180	452738638110030040	
10645635668160337344	16278515748403807490	10118911382598459553	11996242671072081065	11960547484691837784	
12522940651434912859	10534457773321050291	3687378447358781643	9100084161655763351	16951271614960526106	
17847851628240311920	16298362113629191947	1711596154518604992	12355948809612556961	16766281628492588130	
11593379693968311219	13478085123285564255	2042750669691529340	18219405088604462012	15176182179102795757	
4613539173911441039	5717735708395694346	16814895593366824454	7937077855873788394	9328487449597639811	
5999663030243938790	3875228379104103637	6627473217760721378	8127020382914941406	12437059001796988915	
4195761807216622064	5800691279124777298	3159614123490128937	2822228725092589788	9629896480773712565	
3956199870037971926	18095264005015072395	16931436815067900180	10691964041217326887	12835969288173254352	
9667805158276922476	6027324517788954728	4336363399069486133	10956192147885867366	1707404688330752011	
7200128651427388314	14009424128473021741	4345468462207796621	4537769895306327513	14278454251387580988	
11617301562825133437	4893641366358993135	11272608209457233227	18333900798210937656	17056531353210225003	
12047410879300075407	6637490510583222064	12702229265407278818	2783741434766918843	13373114014125218666	
9087646026390309581	9576248154510647746	7843588399814239409	17003826836458208856	17239813535548040003	
15292700399638305012	866249022385343412	2504165658038976706	12662391222113130733	8068700960260058324	
149777988301335421	6807056954723672001	11864045460442837907	12946423816242670276	13954992125875779123	
16071844009879748263	18094874869434179095	10286002798585095590	13208124991874480277	6370754865061345592	
16963192611123800507	2378405616625613847	3085171630357568859	9565501646385679523	5618372404897997508	
2859218374871510803	2802770922245586195	17546525379870716273	577470114100886381	855299453857616634	
3594074028533754898	11394117595788790344	7585173301925652237	9919474697359049586	11423528320999432437	
4283037149817861056	5569772647586481608	6585729307165148142	769954457313277041	10604499064953548421	
8320325493354631620	13382825450778464669	5987578008369109927	6150266814068481285	5000435896448101449	
9412103746396309053	5466419679874848652	12455000259951500166	8962456005752807006	14367322089764392851	
12197910074381821907	6897528609529415918	5267423187156085990	18368805001379186026	16922285266356329467	
12171252137367028473	5117018038057746747	12588035249376496523	312883616222065990	5379661610170077673	
3343087959724452927	3269203946851847371	2620599334193424047	9928422534163307273	3972855241981798604	
5252142743036734065	8435739305774003885	2687157427499293585	234525231372958399	10899580522829340220	
7263484305389050819	1589309396816744215	5461705389584652559	9203250119849766799	13866647880866375693	
6557613517355835695	13891912827239388335	9514682481189103305	17156453099265704782	6814596319139865174	
13174709768156215211	15635264806634877441	1381896313518307728	5184637126513041065	11420802973539568642	
17208446450046024305	10077120838876580125	12952192533530022566	14408306056861285373	14196980169556961338	
14596392369272461371	16696773057134731738	17705509310550550692	16174220338119267619	13803522509722850721	
5415507867381701846	4369425807150247874	7542309555299133403	3028561346692979826	13332614908247363301	
9900817709527278775	12865327525150181933	1748865249239674557	16786762485519311741	2211500797664623926	
14613551077291942649	13793123692525833295	6898738713664976755	6878919489029099106	15064133170995271839	
14837392104010959028	17209984538328042521	9986322914713985467	11254858341832976397	4901035984138449907	
17421338108678227269	17709290126233234583	6184981166390444855	2157304794059341168	34336728058050272	
9118768899143421360	4296663851738229600	14443271802677282281	4492288422159918273	1468268324134536346	
12168769484925562936	6806437099698959098	3870600522767965744	1156393929207137827	18046127444977133172	
5964131380381412876	9675208226303351639	4005210379904926688	8347570344061268125	17342129263331326775	
10047281973218951288	11583409968498786771	4335196678097804929	1836610204901429238	9884294650988529639	
11719005352167886998	11160443069584071778	16817253122058553290	600278000153063000	5838227525889607982	
10465309487446010296	6249499768999807180	18270114719448634343	6900186630091711168	14496174583110042502	
13790038450056455988	2914347456705604275	3955498918354596891	2443877682629436362	15994995782663517263	
7969751068861821636	12338631569643281378	9757236181938333888	1006299980784772240	8628475929358911844	
6607483396759363508	14319507558867082233	622181106302576148	13016916887338559284	6333906255806074199	
3762726767934849650	16709722938858012441	7795854482942000178	6607785703034799844	2760221859909243958	
17689780214492238470	3597132058074218079	7662681862142267528	8950249522153963929	1712323977291878671	
2946762128482828550	4730066393821535490	13324675853856950370	1597737083093653960	17913361049738567581	
17471273806511494695	10595401869185340018	11727659522330857145	6702749407831328734	8037326175358559489	
7922465712566649685	8198513564155463748	10002636568978409257	1507253098336996591	18412432133626105982	
5883883270231798294	3646965993298514657	11552495294588226410	12353477030303688016	29526569972013790	
5556935314842349481	555727472952389756	18160152240621214563	17139631059364562851	9073625751340289625	
15122138656037647934	11085745897387136485	8603818938582046088	11989910652347149082	5360743919428709670	
10081659112192156539	1939526034157684667	16795125141810108678	15351744147438919214	13890896258807943475	
9905499003918391693	3789353371268340407	11467986920809298999	16374073686606007292	16805032735255639243	
17389801840445009555	8640287858004688299	15083551439792517508	13780940994085933806	10327935472708678616	
8844784333595417981	2417055420833435593	5423367423246898554	2008657244387774265	3475501989715221743	
8993365813707159192	4636140278635542374	15494320241823559803	11551368461699121357	16623431423419698260	
9487485260516224835	15141641958984706848	13009357693529288196	2210048338913258062	15928488276368636	
6178027937775406749	7672912800101301302	3095702422789083914	6587678737808282989	15047639409373350724	
14355246624583553350	1418348065323376936	16340282495748030313	14079629364635488682	15690215962144683004	
12561376046645795652	8355004747693567133	15508687314108932788	2383555431031794554	2870534806378969896	
11701846334526852950	8050824503453178715	7248163386875572750	10275209563941484336	18260453803341927193	
5413570771975304105	12238085667983597552	1424510742791684335	2926856106268261234	8943328772899802609	
9238153591462223045	5153559922815653112	17774299163396975739	584555567090456314	12169561101659914880	
10109112223973821431	2839676489583375112	12823641109033785499	13362357335854940052	9026245449352342324	
69587893406603446	18100109656294165222	3496065637480372749	18311954041532977220	11229441048866345761	
2562119173622433824	13354801434280751090	17763543690494049423	1204993039593447407	16406675151267033080	
9091243488088059016	18092838388642477973	12466977963919057399	5748974610385911319	2312240391975929340	
14318221517886232312	6039996102425045494	13295348443885587572	6833621702826647292	14354530851593856893	
13360506901185585346	1298393097540769863	16620353738371598254	10597297442273233417	15374751387631121283	
4831597287347996738	16065314810534418538	13439444106916631704	15946974796589602185	6866412813472024837	
15080401368127357486	11855402802996412783	2593596326135859466	15481025629009764728	2548819156933834817	
17675421292539648009	14639573008442732018	14310092016046576012	11441759238915464680	4658670661013553133	
14583242370261520035	746314803744585330	4343644842068452808	255817734853981966	8043191536873438965	
12795224880885664997	12244593443725214551	65989262116998216	17360599350513111571	11334721667626417418	
5524274400299918349	968284313976359163	350857842340011131	17945513403347245328	15719952712270115391	
3348109415464151168	8015410852528145020	7950645809825641227	6406643551681046689	12617578739057159018	
2141605207412010380	3252189641843191910	17754599896975323138	17732824172448586094	8276049567155992854	
10485759568637985198	11654107738619221678	10373746829145446228	817465649046400095	10179791875101201822	
12855639391898704354	4230200376593341193	739040313667546909	16774367906107872959	44548311319802503	
242437787107666864	2730071984572178449	7917719738141282394	10957862402372447826	10706714107311499782	
17738533185801810320	8035104145001917799	14445324247304607026	14088279642623530932	14092280730223283693	
6739304744906119420	6350894241065754529	13842266917975518564	17079311930247403006	511952662531783516	
4654332665587358349	4989560944479902075	15274502960755894183	2715232067471101123	14500556299434112247	
14696158855844098446	16591028530906339875	1527788047457745185	13955272714938013646	16637721140204867247	
18131819136619141152	247114689088866002	16395591763608685296	17273576852770978668	17506495490608453827	
358257935616869166	8466320778595568320	9232601025675099385	12886015787228475493	9735478664915393459	
15042732796046474384	7009714124501995910	7168320638819140594	10638588800444650337	14617856779435297157	
11790045578555690669	12715618771642811741	8118703214353287199	8275685742634339296	3641457192045198268	
12587423786664687965	5466505346369840480	3355673401438534531	365487139284116312	9388511600405545925	
5139897146108236161	9746602594089171448	6342151925267856773	2482109276985304635	5301135956304296372	
745719136467546458	7119433519446133541	3631472307214469198	10320033114426209399	17397133479863759669	
9914712115464243462	14041121615598776587	18004362547512431235	8004188275748330201	8854696391043162011	
6012485122261478131	12070435376701325891	9815770517286142989	6697303799915708621	1262012546208648025	
16279364500842223794	18408163951809116212	5510456799592223801	14629979114781108913	16532375753195876430	
3745302960561621345	11237423169263532698	16001028287547137949	221856756598020116	2844837461984935618	
16616285268227963341	15282828930425837953	17057105879935707859	11203166321198055669	13109927128566755107	
9376268166840468704	17093080660024420777	6663806429531778714	9230755340154923864	11346279954592533246	
5837564463930172761	2336572325932587960	4457281065976677169	9463522807102984654	1344848232212194420	
10614739093618125885	7827969800947325014	5629697270975832988	9806184804816978492	835704433547148469	
3743925399188092163	9804952024246859041	15244674355092202356	4983476791541644481	2787106326118562702	
7035385345842693808	17798240853462817135	10682519795532134328	16514481357434416720	2109969918001370068	
10414289379259230981	2063190248396702012	5638495858532491899	10336159139003426251	6946196364847439383	
5644508307655483250	9717998196674434310	9779554673032572852	6133300366215960289	14020944949040917351	
6817547893564147615	10722434935176436223	1785353744893151854	11570526721583761408	3979915196861018842	
1160606049813694151	14525127747044597419	2078847940599897489	205950548448402071	18230706223312506559	
15324195051333387275	13430684171389427074	7262146029061510335	8033497415690399931	18102942921666320246	
1493593117163964257	11300992517049164984	5262371895047965423	5549101400418862698	4849890687027774459	
4238689619874035053	10440734745002705274	732327030679957930	11544494747475198450	3383653002867430284	
15353810896462150744	10573956794425379040	16965407630781535180	5130844527052695420	11607453371085017185	
1721832389629423186	6673679790232978516	13583408863402062760	8437235284679638606	3978710490511598655	
17221433022039186702	1287605023062637021	3606761811734916118	18178628606674132978	3170835225929514019	
15266831164965626053	15750567492072466351	11488761573017347371	15771834932374548346	9280166740547976112	
8700047430531789007	17811210553316474415	2313357686511024112	2999692511471082089	16038011069455688868	
3888325436151885647	18324770363171981629	5100519981782546647	426454823246007797	5911439711676869284	
3371873296353701693	8766210232294849569	11889756542003112001	8194071601053995331	4478826736068504407	
8953444470981094228	6592248710411499716	4314734319356086574	15059994875021796799	8636538266759931271	
7199568859953234723	8043561834364470570	6653477464103470922	18319173114906931534	13977163205937716226	
7507053404292986437	11115451518329928597	12531010611520194071	6877530566071716448	18079112000643012348	
1776995773029411637	9999030161302209819	14753061141010646420	2890010305246255970	14849829914954147458	
5165212762119585213	2501617267288756576	1881999656289688820	824410656828369520	4558211249653203376	
14536842180966161226	13218122485856355067	17278546179333349439	8286144904769935875	6233650712788692274	
15625783309482691912	12176456295864602172	4116254980233750583	6218244091549351935	10342020796827825292	
4197083523211558162	6315782947458463382	7139377978482515632	4033992234255322295	7236934806310039267	
8855861599428773604	9734702079980016989	11596771756714687323	10037527899575015089	1836399139452419388	
15751839570414742196	5181053176726163549	486589841716479798	11643102640919032351	16122881784168149291	
6537485396002416606	9370098697388697653	2785868084429045756	12809865657470947872	6953421964941796892	
9510771884077536032	14152756116220567873	17458684288009941958	11448674411547993432	16575666921201775703	
8701560249044939655	15885766904571076194	17925324468239894305	7007527914898599930	9329777971910669079	
6036925955801056473	15538307878743070847	556012517275885801	17745389414744499856	18084294921757981662	
14693256938252625523	16805356864750114408	15932585278773492988	968019341345619798	174636575589248416	
17864220484872464376	16253766637826367392	3265906089993161014	15922574763977673605	8575559927426107559	
16020570848578581190	1934412290247497107	2345607494254107384	15555298583353375942	256598782551436056	
7197137565048149538	8122288100674272397	4436300457717360803	17322794639566289144	11095482894894979717	
9769942302883010135	6086940536479914913	14455742111204055725	16300076769450318295	7053573678910837852	
8893051147132837491	6851615054784730402	15671401742445210750	12943893855809536433	11098559815061707156	
3607081602240547659	1422817754383077432	1494370980070641206	758702428551870625	14694500068453241155	
14235583846356079441	3265633329262392081	6148161003913270307	3404222268519021172	9467949596023048278	
15284140735501834681	7356568251387757295	15043174216208001862	7763293842878515315	17413630157221391619	
15953415789198175703	11076066753494491131	6060284274652159529	13346852995908698065	16008176823838645095	
11491359512976367913	9428688862109273416	7976843223679888463	8954176976778166593	11141948875487520361	
1761675786203345608	7405541770145841589	6806413431485658658	967443325176004249	1946153009794764449	
16828485066506554632	13178011974768775863	18010353650971012335	211448244475030970	13906863991825813446	
9995892103585693055	848579464294292493	14088103768097599370	2600234359500951489	565979666981873666	
1273802577522785359	16959081624991703987	7630496689664468565	17716676444991475485	9235604942170572579	
2120931143638923627	18223396098795889890	2814740694804174733	15419653588027453482	17715999450483246953	
13597490387946847503	8695861256164344662	613653509216908462	6563924716790910555	4740004609015101726	
9247315275608499356	18323446528123284907	1382734306972741055	15866100062134553132	8534216484504829597	
14318451998090847383	3144064061786345593	6639737677086898523	6924186976728670750	14808066970634579263	
17177075445442548965	11947379159613319502	2845556734341610125	7556541063001917526	2428983772332251296	
5731916209945150181	6414011429403096231	17564786522097660039	10983011312237514205	9825756812873151488	
5191263256586232021	3920804284877123933	9124522199170407361	421914649443761588	6402866134501572879	
5058339028562619814	9104921703579232520	6740202269731676741	746717625957908135	31773659085472116	
4057060160226242925	7655834326633706443	10176389100100519810	1134587005765900122	17265611393959945025	
8221852074283741854	2564200063110493823	12521400412364206326	1206563007388704750	4527571847007385638	
2536836294010623098	1804202786029924181	5319486772272577675	13934209463905452914	17247195261875288672	
14761649427701963779	7492773262493622215	1793072876063664398	16322150671787648718	3658957404498501519	
15042046638503426156	2953857228179902662	7555954975393574916	4958906015005352283	14854242094611249913	
17420666852524525910	12699178553236681078	1663073419689080421	16338982446715729713	788366949815932351	
8512890497727770023	787242479089804683	6179982886612461094	3624678800688092841	5725636833524137925	
3057817418820059918	5483297096493914221	482310155821344876	10665261960727159526	10006445116849235325	
10199173473851882035	400715589899118632	4990694364821018251	1570577683505240897	17743110065079890776	
4067682259431817000	15580327652847054997	15732195665958716025	15435609600378360635	10522175245371086928	
7226249753802606253	8673520004030113455	11572033058055592374	16908346260793431316	676959410211251549	
10112001168192388440	3205812040209515329	7776568599788702938	7861785392967967263	6900633566407112627	
2355959781586676773	6333716266020335436	17785298657279484846	4137902024727443854	7774073622715411147	
2778124181066616258	3593939777633698787	12207827687286119447	16829771299958323209	7953866952109530971	
2082616399339496621	10145659693017803439	14140705981461077410	17971992254473615552	11745034175653725351	
8848122277094833950	7130919850765991758	2357525070235580345	12491253023333487321	7112352016106360155	
8417576985718870478	5087646953139497637	8902896711791401767	3659832803488013842	14674677976962862714	
16012563338545123703	10481692971337111878	17226608751213456277	13107750464911285660	12647723048858147206	
9483592045606891629	17229606566715340288	13051115712377258353	17571736191542949816	1034587125425041696	
11121409528251117736	9708924761413761575	2971397118006504361	3936058436106873948	15994161398116723211	
7399434376670956506	9021249339221322655	10745807879443975945	17820768967284339613	12274445847769306653	
11681528007353201783	15852483953753467705	15398423392934709628	8337307268190034224	7078544811116307063	
12021454281557541242	1053831455682310665	17295227388459804179	2202893998060694153	17054000166894655459	
14975305300080089607	4156040888648407390	890650264377391648	17003879206955156562	12140100433539045823	
10947565880512036941	942549368305966518	17653269437965405443	947010022943604971	7906801525500760	
6513435690496431183	12360580648575591812	6979123004230440441	929763298176085017	8777184336050436030	
1592116061071371650	14688081164088353748	5392478002064866145	1957662852118778343	2885393983408153182	
7896815889052193526	241589534744150696	15377578317734333584	14147888361695252780	10531826647088168660	
12297328323455641793	13317887995914279675	16005361287789153797	13126375734259973616	621635560410783344	
2265366333673092737	420734714045208991	17572443906323674576	15251551976777213844	16945830149311291493	
13956263766872710704	11563458468234428064	2260562918604367700	6643042815025190590	3864949023096977477	
14380859369432112496	869645076725747384	17809639528736149096	2704567784492504788	3332741748022386214	
7677072076625913211	10846184114960466312	934100981547404803	15210878854833417759	8610287051410795194	
4450797135275997038	997922664645178436	956439443818359988	1293122848316976436	3735015986325369858	
877347428403231337	15161504087775582100	11080809548935358283	11186537491813732991	389259371002862314	
11350856084669401316	5725621944960038734	18010506016652177726	10781258296970544723	4507715252996522506	
10725319788787716117	7911391938881290413	2570707615927909473	11221653026541119011	8093858795109891768	
15824930236169917953	9142596265480221671	12415897929851991123	7210825493033117735	4848545080826802716	
3434438183765192913	16993065781957521789	11974349474782833138	13909106567833701463	17496145108566105388	
11655146870377935575	133121965906319434	15711550545592987883	17720177112375190202	5871956487831683656	
243834612385123345	16373791608196171872	7485003193429045702	8113348438099503645	16359396243414674683	
812664218545835005	11436414767357676550	1987555099489625140	4503112266710148285	18077528251705606122	
15236297166529585435	16588161151999436146	5061807050967201667	11641258997884611366	159347521904347904	
3197884960479665581	16912201826147826796	14669098595481956586	14473172928481300427	13436426849041145884	
6170696238549669915	17410451799180096891	2161677489610083749	2940700516312499934	15226817179451092620	
16261159882547221819	18070203641647857533	11343125956705215832	8771322487017431449	13084946134666997566	
15181860105368675959	10217153559012354340	9104647832521490787	15244925564274824899	3390047306402897590	
16927062192688201524	12665504645361879098	16063283919269834694	15429801783674244296	4195245116532796179	
5202837058864086640	5977764975548165880	2095676475814174404	1189374657598539982	16962968929349297213	
9269145759417731481	10399350812662248964	2285708709821520013	11161510667745173900	6753659893989985857	
17972088647079206332	11850922217242477665	14494039644120952249	16100951180892728924	17334600423276734122	
14765788302559151230	16752274976634489124	6473109931487925482	14540162545456362394	9720170206724965954	
676658954390382424	10745918116603193240	8568835968496113097	9083758573811612641	1341940112491242230	
13464718169012664459	12133392301265317596	16614368245972703468	13726024474133312345	438530454532563486	
1751254350877408398	11969812711099886708	18243358467443136542	1658713721057054521	2154393264624384438	
4163314170233815013	14328929029176641793	5137138237086746633	16357551420706625487	2453945763535800401	
1788717744285715741	14891222348198820306	6662226855256979450	14416526585332784190	4356978929245811803	
6669156647670653019	16318392569965471705	994499745776779612	16496400532188825807	8987906872463907337	
4616887569896368183	11777999047545539087	10737708761318629892	2083882262460308772	2025803356158716621	
1936306018857860929	4256215160497475023	5349303821945019855	15556710851686911486	8363020287336546605	
3286666626410289375	17000967918226087892	15207059890586927585	8642590863559515882	1259567006001417375	
9583789267025458461	13342137984552350039	9072109835262815173	10269652747489283223	16563134541737072977	
13739375027481987505	2689802349186419250	14327221474706867921	339523383533207878	9247576101706732640	
18222337596773833770	5278853636413227941	8060089023386681122	630009152603836754	6198130749539752198	
16690280398503736721	16114148207076394007	10170930035665112343	15951721906103405137	9374910258057740188	
11926814583888316498	9977061103575639596	15218232808869678491	14619336025423167973	11087877680946894847	
585484189483133962	12265584247755725859	16253540819878919	4920956896796214035	3995309722985533504	
15368374842957399278	16719726997298916192	16543559526873528549	17579939706939142190	4521491844403047492	
6850754771486822561	10258083180900171893	18249886476957762063	16844472805288833544	500397205553414606	
3490338111131451402	9607105751463246551	8986394758534349842	15356597650342803115	2574414676395681769	
5069066195944480957	2622367970916473073	11116439860143376015	13457907135677474019	946086420903761823	
4620614480733045227	4020780462423009867	7837132481657263753	2168039635857841070	4312153019624278351	
7543757339505495326	653484559312765609	1972039050894853251	17679984858690885028	2393713092397770258	
1079160752112602156	152525627339846897	12459570083185522555	6295417563061826553	15416505643865123763	
13735479896865564998	1340537348619842422	11960701397768413210	9798460738724944826	3336700114049655344	
9095741158039944703	17614340716698562263	8358577123528783336	5546450674500721811	11725619360098215287	
8918657602580898803	2988674025076727335	4285954539545500194	16359381690803170869	9517890199610599901	
7549318413952757019	10916918917620392579	16554014669741090309	15222392933842078298	16602861386696015174	
10202315032095530026	3708703877908106722	6382940755143176914	10149739632010036259	9280404344007193590	
5222920629918708378	653148723308162022	9925708948497030367	12920336069088172536	7924920254335278698	
9004194051841973761	7829331982221908380	1796898364997179596	13259873662128165603	11006107933806377988	
4178406155718343646	13968024137593049984	1080465885126265949	14473094161204619658	8462246084801635102	
1704531985401843682	6859232891377456045	10907270692840154466	2031030976489590977	4458662911590864469	
12951680739739503509	9152212831747501613	6575491352371296818	1405307348942611243	6140113219221557320	
13157336094713113379	13266388419356203214	10387855952985766965	15351395606299520092	8693442872972043425	
6113304443935947331	8987752047484043763	78138593367192426	4220711365002483481	11633034216432391277	
7860823647016350965	3622631677962913404	1069399415010845311	16727208302687086115	1837397974475109263	
11539403017095230764	3960540192272523514	14335340084954728040	16609934753150316904	12290718025771105361	
17171876787877772023	8518660250752625727	7957467644328983065	5880188940591055665	11235674649968562451	
2665805662511160064	10182332156519141476	6605771886603631396	16756690761127760286	1162549631564468776	
16949091349974631753	5971539875182576090	6105111909200545110	595600982469674313	10233754977207515279	
5243701659503358866	6867143811000550938	8011476550214131912	12539306155344513321	4128341697001301351	
14501662683126641911	10831538354922703173	13035688808169237427	12390098502257115399	11368663744124105162	
998149844524289761	16947823408999274443	14441463854906124341	16210805798884586832	1858086738448129002	
5105576922840581492	14926143460382500354	747703121237114581	14449038549373207548	5239125075144458466	
14025333094159213490	4818624495735511813	1768974736489659717	10586809193647434865	13477117587476174026	
12335657874485105669	6201445341652193655	6818009356323654590	8133915309775751234	1615561582526108010	
8252847179936291533	2818183891919822844	12573590813241522976	17810987230805895764	16338935577656383092	
