1557168843349281662
1557168843349281662
1557168843349281662
6932635952696987497
6932635952696987497
1557168843349281662
6932635952696987497
1557168843349281662
6932635952696987497
6932635952696987497
8687394153422799725
1557168843349281662
6597383085513893627
5867082813472900048
6932635952696987497
6932635952696987497
1557168843349281662
6932635952696987497
6932635952696987497
1557168843349281662
1557168843349281662
6932635952696987497
1557168843349281662
1557168843349281662
17523152285360913036
6932635952696987497
1557168843349281662
8208716851594882140
6932635952696987497
1557168843349281662
1557168843349281662
6932635952696987497
1557168843349281662
6932635952696987497
1557168843349281662
11462984900575675082
10426158615329517647
1557168843349281662
11813588692066685803
1557168843349281662
3384609651250408876
1557168843349281662
1557168843349281662
6932635952696987497
6932635952696987497
14728412389575321392
1557168843349281662
1557168843349281662
1557168843349281662
1557168843349281662
6932635952696987497
1557168843349281662
1557168843349281662
1557168843349281662
6932635952696987497
1557168843349281662
6932635952696987497
1557168843349281662
1506775350351958131
6932635952696987497
6932635952696987497
6932635952696987497
13137271672479524110
6932635952696987497
6932635952696987497
1557168843349281662
6932635952696987497
6932635952696987497
1557168843349281662
6932635952696987497
6932635952696987497
1557168843349281662
1557168843349281662
6932635952696987497
1557168843349281662
6932635952696987497
6932635952696987497
770945985136310006
1557168843349281662
1557168843349281662
1557168843349281662
1557168843349281662
16011259793908762422
6932635952696987497
1557168843349281662
1557168843349281662
6932635952696987497
1557168843349281662
1557168843349281662
6932635952696987497
6932635952696987497
1557168843349281662
6932635952696987497
1557168843349281662
1557168843349281662
11840709816411996381
14544911765522338893
6932635952696987497
6932635952696987497
10501148945810298264
1557168843349281662
1557168843349281662
15482079010788705222
6932635952696987497
1557168843349281662
5042313040146021478
6932635952696987497
6932635952696987497
6932635952696987497
6932635952696987497
1557168843349281662
1557168843349281662
1557168843349281662
1557168843349281662
1557168843349281662
4801566688855353186
1557168843349281662
6280547710838313447
6932635952696987497
1557168843349281662
6932635952696987497
6932635952696987497
6932635952696987497
6932635952696987497
1557168843349281662
4114009812670037297
1557168843349281662
1557168843349281662
9174476372623756796
1557168843349281662
6932635952696987497
6932635952696987497
6932635952696987497
6932635952696987497
1557168843349281662
1557168843349281662
383162459309234677
1557168843349281662
1557168843349281662
1557168843349281662
1557168843349281662
3447169171874288487
6932635952696987497
1557168843349281662
1557168843349281662
6907846489032328602
6932635952696987497
1557168843349281662
1557168843349281662
1557168843349281662
1557168843349281662
6932635952696987497
1557168843349281662
6932635952696987497
6932635952696987497
1557168843349281662
1004553810799725940
6932635952696987497
1557168843349281662
6932635952696987497
841206863663506937
6932635952696987497
1557168843349281662
6932635952696987497
12182193650924911082
1557168843349281662
6932635952696987497
6932635952696987497
6932635952696987497
6932635952696987497
1557168843349281662
6932635952696987497
1557168843349281662
1557168843349281662
1557168843349281662
1557168843349281662
6932635952696987497
1557168843349281662
1557168843349281662
2158760632942993748
1058335588969003716
17852059862197516502
6932635952696987497
1557168843349281662
1557168843349281662
6932635952696987497
6932635952696987497
1557168843349281662
1557168843349281662
6932635952696987497
13128872580137055582
4993310866287074253
1557168843349281662
6932635952696987497
1557168843349281662
1557168843349281662
6932635952696987497
6932635952696987497
6932635952696987497
1557168843349281662
11764762039853060886
1557168843349281662
6932635952696987497
1404358776810822262
1557168843349281662
6932635952696987497
6932635952696987497
5770397442477317945
10198220494844814615
1557168843349281662
1107994143493521
6932635952696987497
17683176504660821753
6932635952696987497
6932635952696987497
2003421282791721477
6932635952696987497
1557168843349281662
6932635952696987497
1557168843349281662
6932635952696987497
6932635952696987497
6932635952696987497
6932635952696987497
6932635952696987497
1557168843349281662
5073363342194267598
6932635952696987497
6932635952696987497
6932635952696987497
12419885192470096899
1557168843349281662
1557168843349281662
1557168843349281662
6932635952696987497
6932635952696987497
6932635952696987497
6932635952696987497
6932635952696987497
6932635952696987497
6932635952696987497
13316399439567782832
3258192702184430714
8205353345216704635
15303216402697382460
6932635952696987497
1557168843349281662
6932635952696987497
1557168843349281662
1557168843349281662
1557168843349281662
6932635952696987497
1557168843349281662
1557168843349281662
1557168843349281662
1557168843349281662
1557168843349281662
17881726004483106770
1557168843349281662
6932635952696987497
6932635952696987497
6932635952696987497
1031196791839064356
6932635952696987497
6932635952696987497
6932635952696987497
2093860685680383685
6932635952696987497
6932635952696987497
6932635952696987497
1557168843349281662
3107280718063536031
6932635952696987497
6932635952696987497
1557168843349281662
6932635952696987497
1557168843349281662
6932635952696987497
8808244476173972337
6932635952696987497
1557168843349281662
1557168843349281662
6932635952696987497
1557168843349281662
2424742263524561604
1557168843349281662
1557168843349281662
6932635952696987497
1557168843349281662
18435026597411030708
12973665740731022099
1557168843349281662
1557168843349281662
6932635952696987497
5488694349212413307
1557168843349281662
6932635952696987497
6932635952696987497
1557168843349281662
6932635952696987497
5460934550586142515
1557168843349281662
6932635952696987497
1557168843349281662
1557168843349281662
7670483415207035558
504383506416633907
6932635952696987497
1557168843349281662
1557168843349281662
6932635952696987497
6932635952696987497
6932635952696987497
14243537022423717334
6932635952696987497
1557168843349281662
1557168843349281662
6932635952696987497
6932635952696987497
6932635952696987497
1557168843349281662
6932635952696987497
6932635952696987497
4475624364190090423
6932635952696987497
6613099846611289866
1557168843349281662
1557168843349281662
6932635952696987497
6932635952696987497
12527810220801811152
1557168843349281662
1557168843349281662
1557168843349281662
1557168843349281662
6932635952696987497
5996406944217567745
6932635952696987497
17144800042325051361
1557168843349281662
6932635952696987497
1557168843349281662
1557168843349281662
6932635952696987497
1557168843349281662
1557168843349281662
1557168843349281662
1557168843349281662
6932635952696987497
6932635952696987497
6932635952696987497
6932635952696987497
6932635952696987497
6932635952696987497
13429969692686892123
1557168843349281662
6932635952696987497
6932635952696987497
6932635952696987497
6932635952696987497
6932635952696987497
6932635952696987497
6932635952696987497
1557168843349281662
1557168843349281662
1557168843349281662
6932635952696987497
18181349462467624447
12513668563482733378
6932635952696987497
3517019154922655881
5959980883353067175
1557168843349281662
6932635952696987497
6932635952696987497
6932635952696987497
15065771754531085967
6932635952696987497
1557168843349281662
6932635952696987497
6932635952696987497
1557168843349281662
1557168843349281662
1557168843349281662
9043764915237494076
1557168843349281662
6932635952696987497
6932635952696987497
1557168843349281662
6932635952696987497
6932635952696987497
1557168843349281662
1557168843349281662
1557168843349281662
6932635952696987497
1557168843349281662
6932635952696987497
6932635952696987497
6932635952696987497
6932635952696987497
13630587483296944553
7448063976666834158
1557168843349281662
1557168843349281662
1557168843349281662
6932635952696987497
12988249610373671185
3830995369126057299
6932635952696987497
6932635952696987497
6932635952696987497
6932635952696987497
1083367998308749
6932635952696987497
5349472861571532942
6932635952696987497
1557168843349281662
1557168843349281662
6932635952696987497
7451708352137212196
1557168843349281662
6932635952696987497
6932635952696987497
6932635952696987497
6932635952696987497
1557168843349281662
6932635952696987497
15147024935787537450
6932635952696987497
6932635952696987497
1557168843349281662
6932635952696987497
6932635952696987497
6932635952696987497
10788679083875746841
6932635952696987497
1867162833889504056
6932635952696987497
6932635952696987497
1689077641278194293
1557168843349281662
6932635952696987497
1557168843349281662
6932635952696987497
1557168843349281662
6932635952696987497
5493532917183146066
1557168843349281662
1557168843349281662
1557168843349281662
6932635952696987497
1557168843349281662
6932635952696987497
6932635952696987497
1557168843349281662
6932635952696987497
6932635952696987497
1557168843349281662
1557168843349281662
12258779547350891478
6932635952696987497
1557168843349281662
6932635952696987497
1557168843349281662
6932635952696987497
6932635952696987497
15111660907403898812
1557168843349281662
1557168843349281662
1557168843349281662
1557168843349281662
15618959162717332893
1557168843349281662
1557168843349281662
1557168843349281662
4046146713505168573
16085026004394414300
13543080967568933530
1557168843349281662
1557168843349281662
1557168843349281662
1557168843349281662
6932635952696987497
4433431474236086829
1557168843349281662
1557168843349281662
1557168843349281662
6932635952696987497
1557168843349281662
1557168843349281662
3530424476641972540
17382624466358760048
6932635952696987497
6932635952696987497
16187454359878002677
1557168843349281662
6932635952696987497
6932635952696987497
6932635952696987497
1537019146804177499
1557168843349281662
1557168843349281662
1557168843349281662
6932635952696987497
10610534762425279501
10002533731265843710
1557168843349281662
10098429197804836378
1557168843349281662
1557168843349281662
6932635952696987497
6932635952696987497
6932635952696987497
1557168843349281662
1557168843349281662
6932635952696987497
1557168843349281662
6932635952696987497
6932635952696987497
1557168843349281662
1557168843349281662
1557168843349281662
5458434758141214675
1557168843349281662
1557168843349281662
6932635952696987497
1557168843349281662
6932635952696987497
1557168843349281662
6932635952696987497
1557168843349281662
6932635952696987497
6932635952696987497
6932635952696987497
15230210726762636314
6932635952696987497
890296866065105000
1065299720024333741
14862174688714776428
1557168843349281662
1557168843349281662
6932635952696987497
6932635952696987497
6932635952696987497
1557168843349281662
6932635952696987497
1557168843349281662
6932635952696987497
6932635952696987497
6932635952696987497
6932635952696987497
1557168843349281662
6932635952696987497
228682049737344965
6932635952696987497
6932635952696987497
1557168843349281662
6932635952696987497
1557168843349281662
6932635952696987497
5850346847884504523
1557168843349281662
11968847264939861468
1557168843349281662
1557168843349281662
1557168843349281662
1557168843349281662
6932635952696987497
1557168843349281662
6932635952696987497
1557168843349281662
10917756289158980696
6932635952696987497
4768736061321745931
7804350820430928008
1557168843349281662
1557168843349281662
6932635952696987497
8536544925835087170
1557168843349281662
6932635952696987497
13255373488690666656
3115091963960447440
13039144337028909944
1557168843349281662
6932635952696987497
6932635952696987497
6932635952696987497
1557168843349281662
6932635952696987497
6932635952696987497
1557168843349281662
6932635952696987497
1557168843349281662
1557168843349281662
6932635952696987497
1557168843349281662
1557168843349281662
1557168843349281662
1557168843349281662
6932635952696987497
7305349879353040707
11448598568137865176
6932635952696987497
1557168843349281662
1557168843349281662
1557168843349281662
1557168843349281662
14935550912581380767
6932635952696987497
6932635952696987497
1557168843349281662
6932635952696987497
6932635952696987497
1557168843349281662
1557168843349281662
6932635952696987497
6940267863894230284
6932635952696987497
1557168843349281662
6932635952696987497
1557168843349281662
3271242592935160582
1557168843349281662
1557168843349281662
6932635952696987497
6932635952696987497
1557168843349281662
1557168843349281662
1557168843349281662
6932635952696987497
12266708565314869989
10133366958904465324
17386132226983602290
6932635952696987497
6932635952696987497
6932635952696987497
6932635952696987497
1557168843349281662
6932635952696987497
1557168843349281662
6932635952696987497
1557168843349281662
1557168843349281662
7345615868997622443
1557168843349281662
6932635952696987497
1557168843349281662
6932635952696987497
1557168843349281662
252451921813496887
358165357021604709
1557168843349281662
2465968430713347627
1557168843349281662
6932635952696987497
622857199092464619
1557168843349281662
1557168843349281662
1557168843349281662
6932635952696987497
11348947960191513152
10431701771802882943
6932635952696987497
1557168843349281662
14542651783202227511
1557168843349281662
1557168843349281662
6932635952696987497
6932635952696987497
6932635952696987497
6932635952696987497
6932635952696987497
1557168843349281662
6932635952696987497
6932635952696987497
6932635952696987497
6932635952696987497
1557168843349281662
1557168843349281662
6932635952696987497
6932635952696987497
1557168843349281662
1557168843349281662
1557168843349281662
6932635952696987497
6932635952696987497
5145938009221944332
1557168843349281662
1557168843349281662
1557168843349281662
6932635952696987497
309470314595543240
6932635952696987497
1557168843349281662
6932635952696987497
6932635952696987497
1557168843349281662
6932635952696987497
1557168843349281662
1557168843349281662
1557168843349281662
6932635952696987497
1557168843349281662
9997255764440970746
6932635952696987497
6932635952696987497
1557168843349281662
6932635952696987497
6932635952696987497
1557168843349281662
11857501665425618930
6932635952696987497
1557168843349281662
16662342758342154497
6932635952696987497
1557168843349281662
2614777023507199205
1557168843349281662
13605667874875305915
6932635952696987497
15243517869723620117
1557168843349281662
1557168843349281662
14569714117297765048
6932635952696987497
6932635952696987497
1557168843349281662
16881870440072845504
2065275911128760433
6932635952696987497
1557168843349281662
6932635952696987497
6932635952696987497
1557168843349281662
8885830350011256273
10307726775642310833
1557168843349281662
8688240184552207182
1557168843349281662
6932635952696987497
1557168843349281662
6932635952696987497
1557168843349281662
5385037147617930283
1557168843349281662
6932635952696987497
8775449904922243056
1557168843349281662
1557168843349281662
1557168843349281662
6932635952696987497
1557168843349281662
1557168843349281662
6932635952696987497
9977317421103412077
6932635952696987497
1557168843349281662
1557168843349281662
1557168843349281662
6932635952696987497
1557168843349281662
1557168843349281662
1557168843349281662
14948127236726388008
1557168843349281662
1557168843349281662
6932635952696987497
6932635952696987497
1557168843349281662
6932635952696987497
1557168843349281662
6932635952696987497
6932635952696987497
1557168843349281662
17516670750357356422
1557168843349281662
1557168843349281662
6932635952696987497
6932635952696987497
1557168843349281662
1557168843349281662
1557168843349281662
1557168843349281662
1557168843349281662
6932635952696987497
16273238802290840123
1557168843349281662
18016322364795830450
446984977797647595
13142121940608258125
1557168843349281662
1557168843349281662
1557168843349281662
6932635952696987497
6932635952696987497
6932635952696987497
1557168843349281662
1557168843349281662
1557168843349281662
1557168843349281662
1557168843349281662
16326995033998237847
1557168843349281662
1557168843349281662
6932635952696987497
11071520450061438512
1557168843349281662
1557168843349281662
6932635952696987497
6932635952696987497
6228254152764699751
1557168843349281662
1557168843349281662
1557168843349281662
1557168843349281662
10868874464625141679
6932635952696987497
14834564835858657945
6932635952696987497
6932635952696987497
6932635952696987497
6932635952696987497
1557168843349281662
4108195246178232592
6932635952696987497
1557168843349281662
16021152960317636376
1557168843349281662
6932635952696987497
6932635952696987497
6932635952696987497
1557168843349281662
6932635952696987497
6932635952696987497
1557168843349281662
6932635952696987497
6932635952696987497
6932635952696987497
1557168843349281662
6932635952696987497
1557168843349281662
12281979349753980602
6932635952696987497
1557168843349281662
1557168843349281662
6932635952696987497
6932635952696987497
6932635952696987497
1557168843349281662
6932635952696987497
6932635952696987497
6932635952696987497
15908028593130416786
1557168843349281662
1557168843349281662
1557168843349281662
6932635952696987497
1557168843349281662
14889533674554321035
6932635952696987497
1557168843349281662
1557168843349281662
6932635952696987497
1557168843349281662
1557168843349281662
6932635952696987497
15821259913786423825
6932635952696987497
1557168843349281662
8183226516443634897
6932635952696987497
15171968118745138272
1557168843349281662
6932635952696987497
17139446815376070688
18234477255048564650
9581578593083038490
6932635952696987497
6932635952696987497
1557168843349281662
6932635952696987497
1557168843349281662
6932635952696987497
6932635952696987497
1557168843349281662
1557168843349281662
1557168843349281662
15330082030905699803
6932635952696987497
1557168843349281662
6932635952696987497
6932635952696987497
6932635952696987497
10182540526629004261
6932635952696987497
6932635952696987497
6932635952696987497
6932635952696987497
1557168843349281662
6932635952696987497
1557168843349281662
6932635952696987497
1557168843349281662
1557168843349281662
1557168843349281662
6932635952696987497
1557168843349281662
6932635952696987497
7359006809146173494
6932635952696987497
1557168843349281662
6932635952696987497
10029353400318309193
1557168843349281662
6932635952696987497
1557168843349281662
1557168843349281662
6932635952696987497
6777324873236270804
1557168843349281662
6932635952696987497
1557168843349281662
1557168843349281662
1557168843349281662
1557168843349281662
1557168843349281662
6932635952696987497
8165312431167100292
6932635952696987497
6932635952696987497
6932635952696987497
6932635952696987497
6932635952696987497
1557168843349281662
6932635952696987497
6932635952696987497
6932635952696987497
1557168843349281662
1557168843349281662
1557168843349281662
1557168843349281662
1557168843349281662
6094724891156739191
1557168843349281662
6932635952696987497
6932635952696987497
1557168843349281662
1557168843349281662
6932635952696987497
1557168843349281662
4309139985406007
6932635952696987497
9940225664624557646
1557168843349281662
6932635952696987497
1557168843349281662
6932635952696987497
1557168843349281662
1557168843349281662
1557168843349281662
1557168843349281662
3499166134066056831
1557168843349281662
12966036082195728086
1557168843349281662
18339158743128192813
6932635952696987497
1557168843349281662
1557168843349281662
7298200487920746415
6932635952696987497
6932635952696987497
1557168843349281662
6932635952696987497
16616351484885716503
1557168843349281662
1557168843349281662
6932635952696987497
6932635952696987497
1557168843349281662
17141538459583239774
1557168843349281662
6932635952696987497
6932635952696987497
10747403750373770301
6932635952696987497
1557168843349281662
6932635952696987497
1557168843349281662
1557168843349281662
6932635952696987497
1557168843349281662
1557168843349281662
8549300628909737496
1557168843349281662
6932635952696987497
1557168843349281662
1557168843349281662
5021959710926029289
14556008600644618186
1557168843349281662
6932635952696987497
1557168843349281662
6932635952696987497
1557168843349281662
18419802367148987635
1557168843349281662
6932635952696987497
6932635952696987497
6932635952696987497
6932635952696987497
1557168843349281662
1557168843349281662
1557168843349281662
6932635952696987497
6932635952696987497
3223323774192066709
6932635952696987497
10840373866714413775
17026705530238689123
11341567173834451678
1557168843349281662
6932635952696987497
6932635952696987497
6932635952696987497
1557168843349281662
1557168843349281662
6932635952696987497
6932635952696987497
5207519045511996728
6932635952696987497
6932635952696987497
1557168843349281662
6932635952696987497
15937403798725790653
66992888314839629
1557168843349281662
883110640756005089
13811722910387165065
1557168843349281662
6932635952696987497
6932635952696987497
6748254908156983351
6932635952696987497
1557168843349281662
1557168843349281662
1557168843349281662
4259453504451406920
1557168843349281662
6932635952696987497
6932635952696987497
12797166606635717443
6932635952696987497
1557168843349281662
6932635952696987497
1557168843349281662
1557168843349281662
6932635952696987497
1557168843349281662
10858968358999628788
1557168843349281662
6932635952696987497
1557168843349281662
1557168843349281662
1557168843349281662
8833933367897445401
1557168843349281662
1557168843349281662
6932635952696987497
1557168843349281662
1557168843349281662
1557168843349281662
6932635952696987497
16535373043641106308
6932635952696987497
1557168843349281662
6932635952696987497
15936269496020115966
1557168843349281662
1557168843349281662
1557168843349281662
1557168843349281662
6932635952696987497
11898938387061301889
6932635952696987497
6932635952696987497
1557168843349281662
6932635952696987497
1557168843349281662
6932635952696987497
6932635952696987497
6932635952696987497
1557168843349281662
6932635952696987497
1557168843349281662
6932635952696987497
15305880561210319082
1557168843349281662
6932635952696987497
6932635952696987497
6932635952696987497
1557168843349281662
1557168843349281662
1557168843349281662
3717021288660973211
6932635952696987497
6932635952696987497
6932635952696987497
6932635952696987497
1557168843349281662
1557168843349281662
1557168843349281662
6932635952696987497
1557168843349281662
6932635952696987497
1557168843349281662
1557168843349281662
1773269690795218979
1557168843349281662
1557168843349281662
6932635952696987497
1557168843349281662
1557168843349281662
13509123248692188802
1557168843349281662
6932635952696987497
1557168843349281662
1557168843349281662
12257687467743202561
6932635952696987497
6932635952696987497
526007776229541696
6932635952696987497
6932635952696987497
1557168843349281662
1557168843349281662
1557168843349281662
12223670282873542275
1557168843349281662
206093411199683336
6932635952696987497
1557168843349281662
1557168843349281662
2718931862431302652
6932635952696987497
6932635952696987497
11621521796799216037
6932635952696987497
1557168843349281662
1557168843349281662
6932635952696987497
1557168843349281662
6932635952696987497
11095768890998222546
6932635952696987497
1557168843349281662
6932635952696987497
6932635952696987497
6932635952696987497
6932635952696987497
6932635952696987497
6932635952696987497
292206685443360553
6932635952696987497
6932635952696987497
6390297632535532172
1557168843349281662
6932635952696987497
6932635952696987497
6919789331602880782
6932635952696987497
1557168843349281662
1557168843349281662
1557168843349281662
1557168843349281662
6932635952696987497
1557168843349281662
6932635952696987497
6932635952696987497
8535001831205695282
1557168843349281662
12092113960692658960
3024075337645639108
1557168843349281662
6932635952696987497
1557168843349281662
79316635614509210
6932635952696987497
9247667256311856692
6932635952696987497
6932635952696987497
15871467983398996174
1557168843349281662
1557168843349281662
6932635952696987497
1557168843349281662
1557168843349281662
1557168843349281662
6932635952696987497
6932635952696987497
6932635952696987497
1557168843349281662
6932635952696987497
1557168843349281662
1557168843349281662
6152503573372850972
6932635952696987497
1557168843349281662
8640111423807655879
6932635952696987497
6932635952696987497
1557168843349281662
6932635952696987497
6932635952696987497
18082082121457427340
6932635952696987497
6932635952696987497
1557168843349281662
1557168843349281662
18109209090912844099
6932635952696987497
6932635952696987497
1557168843349281662
6932635952696987497
1557168843349281662
6932635952696987497
6932635952696987497
1557168843349281662
1557168843349281662
14960778320399072845
17772325366168791665
1557168843349281662
6932635952696987497
6932635952696987497
1557168843349281662
1557168843349281662
1557168843349281662
6932635952696987497
1557168843349281662
7710339280903152971
6932635952696987497
6932635952696987497
6932635952696987497
1557168843349281662
6932635952696987497
6932635952696987497
1557168843349281662
6932635952696987497
1557168843349281662
1557168843349281662
6932635952696987497
6932635952696987497
6932635952696987497
6932635952696987497
3624903845376076227
6932635952696987497
1557168843349281662
1557168843349281662
6932635952696987497
14001224233678930839
6932635952696987497
1557168843349281662
6932635952696987497
1557168843349281662
1557168843349281662
6932635952696987497
1557168843349281662
16634151668056420374
6932635952696987497
6932635952696987497
6932635952696987497
429419652377752427
6932635952696987497
14328326415284368154
1557168843349281662
8450196229548562202
15144217610486804262
9190299531561712585
1292461076431253343
1557168843349281662
6932635952696987497
6932635952696987497
1557168843349281662
6932635952696987497
1557168843349281662
6932635952696987497
1557168843349281662
1557168843349281662
10466310483454318
1557168843349281662
1557168843349281662
1557168843349281662
6932635952696987497
1557168843349281662
1557168843349281662
1557168843349281662
13809843118079904737
4517044745226630647
6932635952696987497
13228331098865783320
11534964053918305970
6932635952696987497
1238368329608532184
6932635952696987497
13373130445578254066
1557168843349281662
9489871262958023993
1557168843349281662
6932635952696987497
16796136391169265668
6932635952696987497
1557168843349281662
6932635952696987497
1557168843349281662
1557168843349281662
1557168843349281662
6932635952696987497
6932635952696987497
6932635952696987497
6932635952696987497
1557168843349281662
6932635952696987497
9076295456856298667
6932635952696987497
14158601505924312700
6932635952696987497
8817167321759078606
1557168843349281662
1557168843349281662
1557168843349281662
1557168843349281662
1557168843349281662
6932635952696987497
6932635952696987497
10964198321375540709
6932635952696987497
6932635952696987497
6932635952696987497
1557168843349281662
1557168843349281662
1557168843349281662
6932635952696987497
1557168843349281662
6932635952696987497
8437437423346189669
1557168843349281662
6932635952696987497
1651917728244739316
6932635952696987497
1557168843349281662
1557168843349281662
6932635952696987497
1557168843349281662
6932635952696987497
12042786240342190414
1557168843349281662
18240866139452408004
4554383502636986788
6932635952696987497
10614004924284620294
1557168843349281662
6932635952696987497
1557168843349281662
1557168843349281662
13051323983247312671
5039854756040502678
6932635952696987497
6932635952696987497
1557168843349281662
1557168843349281662
1557168843349281662
6932635952696987497
1557168843349281662
1557168843349281662
6932635952696987497
1557168843349281662
1557168843349281662
1557168843349281662
1557168843349281662
4042771177827188328
5137103219231468824
6932635952696987497
6932635952696987497
6932635952696987497
6932635952696987497
6932635952696987497
6932635952696987497
6932635952696987497
1175888456265675857
6932635952696987497
1557168843349281662
1557168843349281662
6932635952696987497
1557168843349281662
1557168843349281662
6932635952696987497
1557168843349281662
6932635952696987497
1557168843349281662
6932635952696987497
6932635952696987497
1557168843349281662
6932635952696987497
7323891255337513799
1557168843349281662
6932635952696987497
703570306919556337
6932635952696987497
6932635952696987497
12901121671547463062
15509868923272616251
6932635952696987497
6932635952696987497
6932635952696987497
3023472167175397535
1557168843349281662
6932635952696987497
6932635952696987497
14740086161941927709
3592200133278509476
7538783462054620345
6932635952696987497
10915902800549767031
1557168843349281662
1557168843349281662
1557168843349281662
1557168843349281662
1557168843349281662
6932635952696987497
15052228604816559106
10723855665078450966
3382861380353574574
6932635952696987497
1557168843349281662
1557168843349281662
1557168843349281662
6932635952696987497
1557168843349281662
1557168843349281662
6932635952696987497
6932635952696987497
1557168843349281662
8259154970933870103
1557168843349281662
10156298555081547265
6932635952696987497
1557168843349281662
8896762656776906216
1557168843349281662
12876870216681780242
6932635952696987497
1557168843349281662
6932635952696987497
6932635952696987497
6932635952696987497
1557168843349281662
1557168843349281662
15501460040611585773
6932635952696987497
1557168843349281662
6932635952696987497
13101859934641521082
6932635952696987497
6932635952696987497
1557168843349281662
12315476263258766492
11961920145929302810
10619021729079840111
4825940294625053637
6932635952696987497
6932635952696987497
1557168843349281662
6932635952696987497
1557168843349281662
6932635952696987497
6932635952696987497
6932635952696987497
1557168843349281662
1557168843349281662
3997390566477207469
1557168843349281662
1557168843349281662
1557168843349281662
18078551342566628524
1557168843349281662
1557168843349281662
1557168843349281662
1557168843349281662
1557168843349281662
16788074374902848943
6932635952696987497
6932635952696987497
6932635952696987497
1557168843349281662
1557168843349281662
1557168843349281662
411716359341402115
6376038895166378335
1557168843349281662
1557168843349281662
6932635952696987497
1557168843349281662
6932635952696987497
6932635952696987497
8533484445322362245
6932635952696987497
6932635952696987497
7697942124590418960
6932635952696987497
1557168843349281662
6932635952696987497
1557168843349281662
6932635952696987497
6932635952696987497
1557168843349281662
12823941767476533276
1557168843349281662
1557168843349281662
1557168843349281662
1557168843349281662
6932635952696987497
6932635952696987497
6932635952696987497
6932635952696987497
6932635952696987497
734339548920625005
6932635952696987497
5031578806324707499
1557168843349281662
1557168843349281662
6932635952696987497
6932635952696987497
6932635952696987497
1557168843349281662
1557168843349281662
6233752722789094713
12500343181913516081
6932635952696987497
1557168843349281662
6932635952696987497
1557168843349281662
1557168843349281662
4705599723308829941
16248666278901864817
6932635952696987497
3739785448747325224
1557168843349281662
3337546434810060502
6932635952696987497
6932635952696987497
1557168843349281662
10872770602813999104
1557168843349281662
6932635952696987497
11858394186108375570
6932635952696987497
6932635952696987497
1557168843349281662
6932635952696987497
6932635952696987497
1776513941873015874
1557168843349281662
1557168843349281662
1557168843349281662
1557168843349281662
1557168843349281662
1557168843349281662
1557168843349281662
1199830897163252736
1557168843349281662
6933909268609285905
1557168843349281662
6932635952696987497
6932635952696987497
1557168843349281662
1557168843349281662
1557168843349281662
16372718810224999302
1557168843349281662
1557168843349281662
1557168843349281662
1557168843349281662
6932635952696987497
6932635952696987497
9083478698923688558
1557168843349281662
6932635952696987497
5984371909904721061
7157186573162320688
6932635952696987497
635463171200664237
1557168843349281662
1557168843349281662
1557168843349281662
6932635952696987497
1557168843349281662
1557168843349281662
15949323614855408430
1557168843349281662
10616757395305713269
1557168843349281662
13593679990651793824
1557168843349281662
1557168843349281662
7454245144070788643
1557168843349281662
6932635952696987497
6932635952696987497
1557168843349281662
3373136381067445789
6932635952696987497
1557168843349281662
1557168843349281662
1557168843349281662
6932635952696987497
6932635952696987497
1557168843349281662
1557168843349281662
6932635952696987497
6932635952696987497
3723196434972243145
6932635952696987497
1044258160480153368
6932635952696987497
6932635952696987497
1557168843349281662
13390302757231863822
1557168843349281662
6932635952696987497
6932635952696987497
6932635952696987497
6932635952696987497
6932635952696987497
13342642940893056673
6932635952696987497
6932635952696987497
1557168843349281662
12530473680810640868
1557168843349281662
6932635952696987497
1557168843349281662
18441754053674361235
17263684094097189506
1557168843349281662
8912020891368315062
1557168843349281662
1557168843349281662
12317074381829296412
6932635952696987497
1557168843349281662
6932635952696987497
1557168843349281662
1557168843349281662
1557168843349281662
6932635952696987497
6932635952696987497
6932635952696987497
6932635952696987497
1557168843349281662
11488420549577065878
6932635952696987497
1557168843349281662
6932635952696987497
10490986562869215785
6932635952696987497
1557168843349281662
1557168843349281662
6932635952696987497
6932635952696987497
13090846649202592209
1557168843349281662
1557168843349281662
6932635952696987497
124054358094648754
6932635952696987497
17062436227080512464
6932635952696987497
1557168843349281662
18205497223928967490
1557168843349281662
1557168843349281662
6932635952696987497
6932635952696987497
6932635952696987497
6932635952696987497
6932635952696987497
7532249673352213273
6932635952696987497
6932635952696987497
6932635952696987497
10859269174297892094
1557168843349281662
6932635952696987497
1557168843349281662
6932635952696987497
6932635952696987497
6932635952696987497
6932635952696987497
15205877609559277836
1557168843349281662
6932635952696987497
6932635952696987497
6932635952696987497
6932635952696987497
6932635952696987497
6932635952696987497
1557168843349281662
1557168843349281662
17766955619596181995
6951670748086232692
1557168843349281662
6484906427918956240
1557168843349281662
6932635952696987497
12373078460732334618
6932635952696987497
6932635952696987497
6932635952696987497
6932635952696987497
16655714848108437384
6932635952696987497
6932635952696987497
6932635952696987497
9897890888324148186
6932635952696987497
1557168843349281662
6932635952696987497
1557168843349281662
6932635952696987497
6932635952696987497
1557168843349281662
1557168843349281662
6932635952696987497
1557168843349281662
1557168843349281662
6932635952696987497
6932635952696987497
1557168843349281662
1557168843349281662
1557168843349281662
1557168843349281662
1557168843349281662
6932635952696987497
6932635952696987497
6932635952696987497
6932635952696987497
6932635952696987497
894951550128923211
1557168843349281662
6932635952696987497
1557168843349281662
16422070134661940955
2763664092743368886
1557168843349281662
9744681274338882055
6932635952696987497
1557168843349281662
6932635952696987497
6932635952696987497
6932635952696987497
6932635952696987497
1557168843349281662
6932635952696987497
2889397326436320459
1557168843349281662
15972285243216588606
1557168843349281662
1557168843349281662
1557168843349281662
1557168843349281662
6932635952696987497
1557168843349281662
14775666965444970422
1557168843349281662
1557168843349281662
6932635952696987497
1557168843349281662
1557168843349281662
1557168843349281662
1557168843349281662
1557168843349281662
6932635952696987497
6932635952696987497
12338419324723766372
10851631237174164475
6932635952696987497
6932635952696987497
1557168843349281662
1557168843349281662
6932635952696987497
6932635952696987497
1557168843349281662
1557168843349281662
6932635952696987497
6932635952696987497
1557168843349281662
6932635952696987497
1557168843349281662
6932635952696987497
6932635952696987497
1557168843349281662
1557168843349281662
6932635952696987497
1557168843349281662
6932635952696987497
6932635952696987497
1557168843349281662
6932635952696987497
1557168843349281662
1557168843349281662
3844079724287305375
6932635952696987497
6932635952696987497
6932635952696987497
1557168843349281662
1557168843349281662
6932635952696987497
1557168843349281662
1557168843349281662
6932635952696987497
1557168843349281662
15732239618150573072
6932635952696987497
1557168843349281662
16139018532994889710
6932635952696987497
989240562029389606
1557168843349281662
16858537951771276485
1557168843349281662
16869684060178377806
1557168843349281662
1557168843349281662
6932635952696987497
6932635952696987497
6932635952696987497
1557168843349281662
6932635952696987497
6932635952696987497
1557168843349281662
6932635952696987497
1557168843349281662
6932635952696987497
10222096691804485207
14165161949258271981
1557168843349281662
6501351993382884666
7424974396344689755
1557168843349281662
6932635952696987497
6932635952696987497
6932635952696987497
10722191947339984653
1557168843349281662
1557168843349281662
6932635952696987497
6932635952696987497
6932635952696987497
6932635952696987497
6932635952696987497
6932635952696987497
6932635952696987497
1557168843349281662
6932635952696987497
1557168843349281662
3957251027280353877
6932635952696987497
1557168843349281662
6932635952696987497
1557168843349281662
6932635952696987497
10554280782505201922
1557168843349281662
1557168843349281662
5260923753318009074
6932635952696987497
6932635952696987497
6932635952696987497
1557168843349281662
1557168843349281662
1557168843349281662
6932635952696987497
6932635952696987497
6932635952696987497
7048828004897608265
1042390275156820390
1557168843349281662
1557168843349281662
1557168843349281662
5940916454828571360
1557168843349281662
1557168843349281662
18021412043603531194
1557168843349281662
1557168843349281662
6932635952696987497
1557168843349281662
1557168843349281662
16047591133671195658
1557168843349281662
6932635952696987497
6932635952696987497
1557168843349281662
1699318427842570837
1557168843349281662
1557168843349281662
1557168843349281662
12144214042588846913
4308792054424795845
6932635952696987497
1849157775770263866
1557168843349281662
16499026132327195554
8494699028164192557
6932635952696987497
14119625484525659960
6932635952696987497
5598294545786123193
6932635952696987497
6932635952696987497
1557168843349281662
12960994069352196141
16418695298494419606
625889936925628770
6932635952696987497
1557168843349281662
6932635952696987497
6932635952696987497
1557168843349281662
1557168843349281662
523913519548544516
1557168843349281662
6932635952696987497
6932635952696987497
1557168843349281662
17758894009398447913
1557168843349281662
1557168843349281662
1557168843349281662
6932635952696987497
14115574835393037864
1557168843349281662
6932635952696987497
15196786251819993046
1557168843349281662
1557168843349281662
1557168843349281662
1557168843349281662
1557168843349281662
11377160572480628014
1557168843349281662
6932635952696987497
1557168843349281662
1557168843349281662
11968597599511305170
6932635952696987497
1557168843349281662
17489189347802838255
6932635952696987497
6932635952696987497
6932635952696987497
6932635952696987497
10914708402915029889
6932635952696987497
1557168843349281662
6932635952696987497
11582316345341056466
15095987805609904578
1557168843349281662
1557168843349281662
6932635952696987497
6932635952696987497
6932635952696987497
6932635952696987497
6932635952696987497
3703273899234780941
1557168843349281662
1557168843349281662
16893762856376612492
6932635952696987497
6932635952696987497
6932635952696987497
9408573521601635226
12616444045293300456
3439917245132513375
1557168843349281662
1557168843349281662
6932635952696987497
6932635952696987497
1557168843349281662
6932635952696987497
1557168843349281662
16558421662341763843
277055902221523965
6932635952696987497
5032126041522191194
1557168843349281662
1345525144086003410
6932635952696987497
